48 30 1 NONE
49 31 1 NONE
51 32 3 NONE
52 35 2 NONE
53 37 1 NONE
54 38 1 NONE
56 39 1 NONE
65 40 1 NONE
66 41 1 NONE
69 42 1 NONE
71 43 4 NONE
72 47 4 NONE
77 51 1 NONE
87 52 1 NONE
97 53 3 NONE
99 56 2 NONE
101 58 1 NONE
102 59 1 NONE
103 60 6 NONE
104 66 3 NONE
105 69 2 NONE
107 71 1 NONE
108 72 1 NONE
109 73 1 NONE
111 74 1 NONE
112 75 1 NONE
113 76 1 NONE
117 77 1 NONE
118 78 2 NONE
119 80 3 NONE
107 83 1 NONE
50 84 1 NONE
86 85 1 NONE
119 86 0 START
122 86 1 NONE
98 87 1 NONE
119 88 1 NONE
48 89 1 NONE
48 90 1 NONE
49 91 1 NONE
89 92 1 NONE
73 93 1 NONE
78 94 1 NONE
48 95 1 NONE
50 96 1 NONE
71 97 1 NONE
111 98 1 NONE
48 99 1 NONE
65 100 1 NONE
79 101 1 NONE
111 102 1 NONE
77 103 1 NONE
84 104 1 NONE
104 105 1 NONE
105 106 1 NONE
121 107 1 NONE
48 108 1 NONE
111 109 1 NONE
110 110 1 NONE
111 111 1 NONE
48 112 2 NONE
50 114 1 NONE
97 115 1 NONE
103 116 1 NONE
111 117 2 NONE
117 119 1 NONE
48 120 2 NONE
97 122 1 NONE
111 123 2 NONE
103 125 2 NONE
109 127 1 NONE
52 128 1 NONE
71 129 1 NONE
109 130 2 NONE
107 132 1 NONE
118 133 1 NONE
98 134 1 NONE
55 135 1 NONE
103 136 2 NONE
105 138 1 NONE
111 139 1 NONE
116 140 1 NONE
119 141 1 NONE
97 142 1 NONE
48 143 1 NONE
86 144 0 ANY
111 144 1 NONE
110 145 1 NONE
111 146 1 NONE
103 147 1 NONE
103 148 1 NONE
51 149 1 NONE
87 150 1 NONE
75 151 1 NONE
69 152 1 NONE
76 153 1 NONE
71 154 1 NONE
65 155 1 NONE
108 156 1 NONE
65 157 1 NONE
80 158 1 NONE
65 159 1 NONE
114 160 1 NONE
79 161 1 NONE
66 162 1 NONE
103 163 1 NONE
111 164 1 NONE
119 165 1 NONE
109 166 0 ADJACENT
119 166 1 NONE
97 167 1 NONE
110 168 1 NONE
73 169 1 NONE
108 170 1 NONE
103 171 1 NONE
109 172 1 NONE
97 173 1 START
73 174 1 NONE
108 175 1 NONE
121 176 1 NONE
97 177 1 NONE
114 178 1 NONE
112 179 1 NONE
97 180 1 NONE
114 181 1 NONE
101 182 2 NONE
120 184 1 NONE
97 185 1 NONE
103 186 1 NONE
69 187 1 NONE
48 188 1 NONE
111 189 2 NONE
97 191 1 NONE
112 192 1 NONE
111 193 1 NONE
98 194 1 NONE
48 195 1 NONE
111 196 1 NONE
118 197 1 NONE
119 198 1 NONE
98 199 1 NONE
119 200 0 WORD
121 200 1 NONE
103 201 1 NONE
111 202 1 NONE
115 203 1 NONE
119 204 1 NONE
50 205 1 NONE
57 206 1 NONE
48 207 0 WORD
71 207 1 NONE
73 208 1 NONE
69 209 1 NONE
68 210 1 NONE
66 211 1 NONE
84 212 1 NONE
100 213 1 NONE
71 214 1 NONE
80 215 1 NONE
71 216 1 NONE
100 217 1 NONE
67 218 1 NONE
71 219 1 NONE
111 220 1 NONE
110 221 1 NONE
103 222 1 NONE
120 223 0 START
98 223 1 NONE
116 224 1 NONE
100 225 1 NONE
100 226 2 ANY
98 228 1 NONE
101 229 1 NONE
116 230 1 NONE
100 231 1 NONE
100 232 3 NONE
52 235 1 NONE
103 236 2 NONE
100 238 1 NONE
112 239 1 NONE
103 240 2 NONE
100 242 1 NONE
46 243 1 NONE
99 244 1 NONE
101 245 0 WORD
103 245 1 NONE
111 246 1 NONE
67 247 1 NONE
116 248 1 NONE
99 249 1 NONE
116 250 1 NONE
121 251 1 NONE
98 252 1 NONE
97 253 0 START
117 253 1 NONE
108 254 1 NONE
108 255 1 NONE
105 256 1 NONE
55 257 1 NONE
103 258 1 ANY
103 259 1 NONE
49 260 1 NONE
109 261 0 WORD
103 261 2 NONE
103 263 2 NONE
48 265 1 NONE
48 266 1 NONE
65 267 1 NONE
78 268 1 NONE
68 269 0 WORD
67 269 1 NONE
65 270 1 NONE
77 271 0 ANY
97 271 1 NONE
48 272 1 NONE
89 273 1 NONE
79 274 1 NONE
101 275 1 NONE
69 276 1 NONE
71 277 0 ANY
108 277 1 NONE
98 278 1 NONE
97 279 1 NONE
108 280 1 NONE
115 281 1 NONE
99 282 1 NONE
97 283 2 NONE
99 285 1 NONE
97 286 1 NONE
114 287 1 NONE
109 288 0 ANY
99 288 1 NONE
97 289 2 NONE
99 291 1 NONE
107 292 1 NONE
103 293 1 NONE
108 294 1 NONE
111 295 1 NONE
101 296 1 NONE
121 297 1 NONE
48 298 1 NONE
111 299 1 NONE
101 300 1 NONE
99 301 1 NONE
111 302 2 NONE
101 304 1 NONE
108 305 1 NONE
79 306 1 NONE
97 307 1 NONE
97 308 1 NONE
97 309 1 NONE
103 310 2 NONE
97 312 1 NONE
121 313 0 WORD
100 313 1 NONE
100 314 1 NONE
103 315 1 NONE
103 316 1 NONE
103 317 0 ANY
111 317 1 NONE
51 318 1 NONE
48 319 1 NONE
111 320 1 NONE
48 321 1 NONE
111 322 1 NONE
98 323 1 NONE
117 324 1 NONE
77 325 1 NONE
73 326 1 NONE
69 327 1 NONE
78 328 1 NONE
104 329 0 ANY
76 329 1 NONE
71 330 1 NONE
76 331 1 NONE
98 332 1 NONE
79 333 0 ANY
100 333 1 NONE
97 334 1 NONE
109 335 1 NONE
101 336 1 NONE
101 337 1 NONE
101 338 2 NONE
99 340 2 NONE
104 342 0 ANY
101 342 2 NONE
110 344 1 NONE
101 345 1 NONE
101 346 2 NONE
99 348 2 NONE
104 350 0 ANY
101 350 2 NONE
105 352 1 NONE
97 353 1 NONE
100 354 0 ANY
108 354 1 NONE
98 355 1 NONE
103 356 2 NONE
108 358 1 NONE
108 359 1 NONE
98 360 1 NONE
111 361 2 NONE
109 363 0 WORD
114 363 1 NONE
115 364 1 NONE
100 365 0 WORD
77 365 0 WORD
110 365 1 NONE
116 366 0 ANY
110 366 1 NONE
48 367 2 NONE
111 369 2 NONE
110 371 1 NONE
115 372 0 WORD
115 372 0 WORD
97 372 1 NONE
111 373 1 NONE
111 374 1 NONE
57 375 1 NONE
108 376 1 NONE
108 377 1 NONE
108 378 1 NONE
108 379 1 NONE
111 380 1 NONE
115 381 1 NONE
69 382 1 NONE
80 383 1 NONE
79 384 0 ANY
75 384 0 ANY
68 384 0 ANY
111 384 1 NONE
68 385 0 ANY
97 385 1 NONE
115 386 0 ANY
110 386 1 NONE
101 387 1 NONE
115 388 1 NONE
116 389 0 WORD
48 389 0 WORD
111 389 0 WORD
48 389 1 NONE
111 390 1 NONE
48 391 0 ANY
111 391 0 ANY
107 391 1 ANY
97 392 1 NONE
48 393 0 WORD
111 393 0 WORD
48 393 1 NONE
111 394 1 NONE
48 395 0 ANY
111 395 0 WORD
110 395 1 NONE
109 396 1 NONE
100 397 0 ANY
97 397 1 NONE
48 398 1 NONE
111 399 1 NONE
100 400 0 ANY
100 400 0 ANY
97 400 1 NONE
109 401 0 WORD
114 401 1 NONE
110 402 0 WORD
101 402 1 NONE
107 403 0 ANY
107 403 0 ANY
48 403 1 NONE
111 404 1 NONE
48 405 1 NONE
111 406 1 NONE
107 407 0 ANY
109 407 1 NONE
108 408 1 NONE
100 409 1 NONE
117 410 1 NONE
100 411 0 ANY
100 411 0 ANY
100 411 0 WORD
100 411 0 WORD
110 411 1 NONE
100 412 1 NONE
83 413 0 ANY
65 413 1 NONE
108 414 1 NONE
110 415 1 NONE
107 416 0 ANY
115 416 0 ANY
99 416 1 NONE
109 417 0 ANY
109 417 0 ANY
99 417 1 NONE
115 418 1 NONE
109 419 0 ANY
109 419 0 ANY
97 419 1 NONE
101 420 0 WORD
110 420 1 NONE
108 421 1 NONE
108 422 1 NONE
110 423 1 NONE
110 424 0 WORD
116 424 1 NONE
100 425 1 NONE
100 426 1 NONE
100 427 1 NONE
100 428 1 NONE
101 429 1 NONE
100 430 0 WORD
115 430 0 ANY
115 430 1 NONE
117 431 1 NONE
100 432 1 NONE
78 433 1 NONE
100 434 1 NONE
107 435 0 ANY
97 435 1 NONE
111 436 1 NONE
121 437 1 ANY
114 438 0 ANY
107 438 0 ANY
100 438 1 NONE
100 439 1 NONE
107 440 0 ANY
112 440 1 NONE
115 441 0 ANY
115 441 0 ANY
115 441 0 ANY
115 441 1 ANY
114 442 0 WORD
100 442 0 ANY
115 442 0 ANY
101 442 1 NONE
68 443 1 NONE
115 444 0 ANY
108 444 1 NONE
109 445 0 ANY
99 445 1 NONE
115 446 0 ANY
115 446 0 ANY
97 446 1 NONE
99 447 2 NONE
108 449 1 NONE
65 450 0 WORD
101 450 0 WORD
111 450 1 NONE
116 451 1 NONE
48 452 1 NONE
111 453 1 NONE
105 454 1 NONE
109 455 0 WORD
104 455 0 WORD
109 455 0 WORD
109 455 0 WORD
118 455 1 NONE
101 456 1 NONE
114 457 1 NONE
121 458 0 ANY
