97 27 14 NONE
98 41 9 NONE
99 50 10 NONE
100 60 8 NONE
101 68 10 NONE
102 78 11 NONE
103 89 9 NONE
104 98 7 NONE
105 105 2 NONE
106 107 5 NONE
107 112 6 NONE
108 118 4 NONE
109 122 7 NONE
110 129 12 NONE
111 141 5 NONE
112 146 14 NONE
113 160 1 NONE
114 161 5 NONE
115 166 15 NONE
116 181 9 NONE
117 190 1 NONE
118 191 6 NONE
119 197 3 NONE
120 200 5 NONE
121 205 3 NONE
122 208 1 NONE
233 209 3 NONE
98 212 5 NONE
100 217 3 NONE
101 220 1 NONE
102 221 1 NONE
104 222 2 NONE
105 224 1 NONE
108 225 6 NONE
110 231 4 NONE
112 235 1 NONE
114 236 3 NONE
115 239 2 NONE
116 241 1 NONE
117 242 2 NONE
122 244 1 NONE
97 245 7 NONE
100 252 1 NONE
101 253 6 NONE
105 259 7 NONE
108 266 3 NONE
111 269 10 NONE
114 279 1 NONE
117 280 5 NONE
226 285 1 NONE
97 286 6 NONE
104 292 5 NONE
108 297 2 NONE
109 299 0 START
111 299 5 NONE
114 304 5 NONE
117 309 4 WORD
118 313 0 WORD
121 313 1 NONE
250 314 0 WORD
101 314 1 NONE
105 315 4 NONE
108 319 3 NONE
111 322 4 NONE
114 326 2 NONE
117 328 3 NONE
121 331 1 NONE
233 332 1 NONE
98 333 1 NONE
105 334 3 NONE
106 337 1 NONE
109 338 1 NONE
110 339 6 NONE
114 345 1 NONE
115 346 2 NONE
116 348 1 NONE
117 349 1 NONE
118 350 1 NONE
97 351 8 NONE
99 359 1 NONE
100 360 1 NONE
101 361 5 NONE
105 366 6 NONE
108 372 1 NONE
111 373 5 NONE
114 378 1 NONE
117 379 5 NONE
228 384 1 NONE
252 385 2 NONE
97 387 6 NONE
101 393 9 NONE
108 402 1 NONE
109 403 0 START
111 403 8 NONE
114 411 2 NONE
117 413 3 NONE
233 416 1 NONE
246 417 2 NONE
97 419 4 NONE
101 423 3 NONE
105 426 5 NONE
106 431 0 WORD
111 431 6 NONE
117 437 1 NONE
252 438 1 NONE
107 439 1 NONE
110 440 1 NONE
97 441 2 NONE
101 443 1 NONE
105 444 5 NONE
111 449 2 NONE
117 451 5 NONE
97 456 5 NONE
105 461 2 NONE
107 463 1 NONE
108 464 1 NONE
111 465 5 NONE
117 470 2 NONE
97 472 4 NONE
101 476 2 NONE
111 478 2 NONE
117 480 3 NONE
97 483 5 NONE
101 488 5 NONE
105 493 1 NONE
111 494 8 NONE
117 502 2 NONE
121 504 1 NONE
246 505 2 NONE
97 507 5 NONE
99 512 4 START
101 516 3 NONE
105 519 7 NONE
108 526 1 NONE
111 527 1 NONE
115 528 1 NONE
116 529 1 NONE
117 530 1 NONE
121 531 1 NONE
232 532 1 NONE
233 533 2 NONE
103 535 1 NONE
108 536 1 NONE
110 537 2 NONE
114 539 2 NONE
115 541 2 NONE
51 543 1 NONE
97 544 2 NONE
99 546 1 NONE
100 547 0 WORD
101 547 6 NONE
102 553 1 NONE
104 554 2 NONE
105 556 4 NONE
110 560 1 NONE
111 561 6 NONE
114 567 2 NONE
117 569 5 NONE
228 574 1 NONE
233 575 3 NONE
117 578 2 NONE
97 580 6 NONE
101 586 6 NONE
105 592 3 NONE
111 595 4 NONE
117 599 1 NONE
97 600 8 NONE
99 608 3 NONE
101 611 7 NONE
104 618 2 NONE
105 620 3 NONE
107 623 1 NONE
108 624 1 NONE
111 625 5 NONE
112 630 4 NONE
115 634 0 WORD
116 634 7 NONE
117 641 3 NONE
119 644 1 NONE
228 645 1 NONE
233 646 1 NONE
97 647 8 NONE
101 655 4 NONE
105 659 1 NONE
111 660 1 NONE
114 661 3 NONE
117 664 3 NONE
119 667 2 NONE
233 669 1 NONE
234 670 1 NONE
110 671 1 NONE
97 672 4 NONE
101 676 1 NONE
105 677 4 NONE
111 681 5 NONE
115 686 1 NONE
117 687 1 NONE
97 688 2 NONE
101 690 1 NONE
105 691 4 NONE
101 695 1 NONE
104 696 1 NONE
111 697 1 NONE
116 698 1 NONE
118 699 1 NONE
101 700 2 NONE
111 702 1 NONE
117 703 1 NONE
111 704 2 NONE
99 706 1 NONE
106 707 1 NONE
114 708 2 NONE
103 710 1 NONE
111 711 1 NONE
114 712 1 NONE
115 713 1 NONE
119 714 1 NONE
48 715 1 NONE
109 716 1 NONE
111 717 1 NONE
114 718 1 NONE
102 719 1 NONE
108 720 1 NONE
111 721 1 NONE
100 722 1 NONE
45 723 1 NONE
97 724 0 WORD
104 724 1 NONE
106 725 1 NONE
113 726 2 NONE
122 728 1 NONE
97 729 1 NONE
103 730 1 NONE
116 731 1 NONE
117 732 2 NONE
97 734 1 NONE
105 735 2 NONE
114 737 1 NONE
115 738 1 NONE
104 739 1 NONE
115 740 5 NONE
116 745 1 NONE
115 746 2 NONE
116 748 1 NONE
122 749 1 NONE
105 750 2 NONE
108 752 1 NONE
109 753 1 NONE
110 754 1 NONE
115 755 1 NONE
116 756 1 NONE
239 757 1 NONE
115 758 1 NONE
107 759 1 NONE
110 760 1 NONE
112 761 1 NONE
115 762 2 NONE
116 764 1 NONE
117 765 1 NONE
45 766 1 NONE
97 767 1 NONE
99 768 2 NONE
110 770 3 NONE
111 773 1 NONE
115 774 2 NONE
116 776 3 NONE
97 779 1 NONE
111 780 1 NONE
246 781 1 NONE
99 782 2 NONE
102 784 1 NONE
105 785 1 NONE
108 786 1 NONE
109 787 1 NONE
110 788 3 NONE
111 791 1 NONE
113 792 1 NONE
114 793 2 NONE
117 795 2 NONE
97 797 1 NONE
99 798 1 NONE
107 799 2 NONE
108 801 1 NONE
109 802 1 NONE
116 803 1 NONE
116 804 1 NONE
99 805 1 NONE
112 806 1 NONE
114 807 3 NONE
115 810 1 NONE
116 811 1 NONE
119 812 1 NONE
97 813 2 NONE
105 815 6 NONE
108 821 2 NONE
111 823 1 NONE
117 824 1 NONE
105 825 1 NONE
111 826 2 NONE
99 828 3 NONE
108 831 1 NONE
109 832 1 NONE
110 833 3 WORD
117 836 1 NONE
97 837 2 NONE
98 839 0 START
101 839 1 NONE
111 840 2 NONE
121 842 1 NONE
108 843 1 WORD
109 844 1 WORD
110 845 3 NONE
122 848 2 NONE
98 850 1 NONE
117 851 1 NONE
99 852 1 NONE
101 853 1 NONE
108 854 1 NONE
112 855 1 NONE
99 856 1 NONE
107 857 1 NONE
108 858 1 NONE
99 859 1 NONE
107 860 1 NONE
109 861 1 NONE
117 862 1 NONE
101 863 1 NONE
105 864 1 NONE
99 865 1 NONE
114 866 2 NONE
115 868 1 NONE
107 869 1 NONE
102 870 1 NONE
111 871 1 NONE
99 872 1 NONE
101 873 1 NONE
116 874 1 NONE
97 875 2 NONE
109 877 1 NONE
99 878 1 NONE
100 879 2 NONE
101 881 1 NONE
102 882 1 NONE
106 883 1 NONE
116 884 1 NONE
101 885 2 NONE
99 887 1 NONE
112 888 1 NONE
114 889 1 NONE
110 890 1 NONE
97 891 1 NONE
99 892 1 NONE
101 893 1 NONE
103 894 5 WORD
105 899 3 NONE
108 902 3 NONE
115 905 2 NONE
116 907 1 NONE
117 908 1 NONE
117 909 1 NONE
112 910 0 WORD
104 910 1 NONE
108 911 2 NONE
115 913 1 NONE
116 914 2 NONE
117 916 1 NONE
99 917 1 NONE
107 918 1 NONE
108 919 2 NONE
110 921 1 NONE
111 922 2 NONE
115 924 1 NONE
97 925 1 NONE
100 926 3 NONE
114 929 1 NONE
116 930 1 NONE
117 931 4 NONE
122 935 1 NONE
111 936 2 NONE
99 938 1 NONE
100 939 3 NONE
104 942 1 NONE
107 943 4 WORD
114 947 1 NONE
107 948 1 NONE
104 949 1 NONE
114 950 1 NONE
105 951 1 NONE
109 952 1 NONE
110 953 1 NONE
114 954 2 NONE
115 956 1 NONE
121 957 1 WORD
98 958 2 NONE
102 960 1 NONE
104 961 1 NONE
105 962 1 NONE
110 963 2 NONE
112 965 2 NONE
114 967 1 NONE
115 968 1 NONE
119 969 1 NONE
97 970 1 NONE
100 971 1 WORD
101 972 2 NONE
103 974 1 NONE
108 975 1 NONE
110 976 2 NONE
111 978 1 NONE
114 979 1 NONE
117 980 1 NONE
101 981 1 NONE
111 982 1 NONE
101 983 1 NONE
105 984 1 NONE
110 985 1 NONE
110 986 1 NONE
98 987 1 NONE
114 988 2 NONE
99 990 1 NONE
106 991 1 NONE
107 992 1 NONE
111 993 1 NONE
114 994 2 NONE
121 996 1 NONE
223 997 0 WORD
103 997 1 NONE
109 998 1 NONE
114 999 1 NONE
116 1000 1 NONE
118 1001 0 WORD
100 1001 1 NONE
103 1002 1 NONE
108 1003 1 NONE
109 1004 2 NONE
114 1006 1 NONE
115 1007 1 NONE
114 1008 1 NONE
104 1009 1 NONE
115 1010 1 NONE
122 1011 1 NONE
99 1012 1 NONE
112 1013 1 WORD
114 1014 1 NONE
104 1015 1 NONE
110 1016 1 NONE
115 1017 2 NONE
119 1019 1 NONE
122 1020 2 NONE
115 1022 1 NONE
117 1023 1 NONE
100 1024 1 NONE
105 1025 1 NONE
110 1026 1 NONE
116 1027 1 NONE
119 1028 1 NONE
99 1029 1 NONE
110 1030 1 NONE
114 1031 2 NONE
115 1033 1 NONE
119 1034 1 NONE
110 1035 1 NONE
116 1036 1 NONE
107 1037 0 WORD
105 1037 1 NONE
99 1038 1 NONE
107 1039 1 NONE
109 1040 1 NONE
112 1041 2 NONE
116 1043 2 NONE
107 1045 1 NONE
110 1046 2 NONE
100 1048 1 NONE
107 1049 1 NONE
116 1050 1 NONE
118 1051 1 NONE
99 1052 1 NONE
115 1053 1 NONE
112 1054 1 NONE
116 1055 1 NONE
100 1056 1 NONE
115 1057 1 NONE
122 1058 1 NONE
100 1059 1 NONE
105 1060 1 NONE
109 1061 1 NONE
110 1062 2 NONE
115 1064 3 NONE
99 1067 4 NONE
105 1071 1 NONE
110 1072 2 NONE
114 1074 1 NONE
116 1075 1 NONE
108 1076 1 NONE
100 1077 1 NONE
101 1078 1 NONE
102 1079 1 NONE
110 1080 1 NONE
111 1081 1 NONE
114 1082 1 NONE
115 1083 1 NONE
116 1084 1 NONE
115 1085 4 NONE
116 1089 2 NONE
111 1091 0 WORD
112 1091 1 NONE
115 1092 2 NONE
99 1094 1 NONE
109 1095 1 NONE
114 1096 1 NONE
116 1097 3 NONE
122 1100 2 NONE
97 1102 1 NONE
111 1103 1 NONE
115 1104 1 NONE
119 1105 1 NONE
98 1106 1 NONE
103 1107 1 NONE
107 1108 1 NONE
97 1109 1 NONE
98 1110 1 NONE
99 1111 1 NONE
103 1112 2 NONE
105 1114 1 NONE
112 1115 1 NONE
113 1116 1 NONE
103 1117 1 NONE
116 1118 1 NONE
100 1119 1 NONE
109 1120 0 WORD
116 1120 2 NONE
109 1122 1 NONE
103 1123 1 NONE
99 1124 1 NONE
103 1125 1 NONE
111 1126 1 NONE
100 1127 1 NONE
97 1128 1 NONE
109 1129 1 NONE
97 1130 1 NONE
103 1131 2 NONE
97 1133 1 NONE
109 1134 1 NONE
110 1135 2 NONE
108 1137 1 NONE
114 1138 1 NONE
99 1139 0 WORD
99 1139 1 NONE
100 1140 3 NONE
101 1143 3 NONE
105 1146 1 NONE
110 1147 4 NONE
114 1151 1 NONE
108 1152 1 NONE
97 1153 1 NONE
117 1154 2 NONE
109 1156 2 NONE
110 1158 2 NONE
112 1160 1 NONE
115 1161 1 NONE
105 1162 1 NONE
104 1163 1 NONE
105 1164 1 NONE
108 1165 1 NONE
112 1166 1 NONE
114 1167 2 NONE
117 1169 1 NONE
111 1170 1 NONE
233 1171 1 NONE
98 1172 1 NONE
102 1173 1 NONE
110 1174 2 NONE
115 1176 1 NONE
116 1177 3 NONE
100 1180 1 NONE
100 1181 3 NONE
110 1184 2 NONE
116 1186 1 NONE
101 1187 1 NONE
233 1188 1 NONE
98 1189 1 NONE
99 1190 2 NONE
100 1192 1 NONE
105 1193 1 NONE
115 1194 2 NONE
116 1196 1 NONE
99 1197 2 NONE
100 1199 1 NONE
105 1200 1 NONE
107 1201 1 NONE
110 1202 1 NONE
116 1203 1 NONE
98 1204 1 NONE
101 1205 1 NONE
116 1206 1 NONE
98 1207 1 NONE
105 1208 1 NONE
109 1209 1 NONE
117 1210 3 NONE
109 1213 2 NONE
99 1215 3 NONE
100 1218 1 NONE
108 1219 3 NONE
109 1222 1 NONE
112 1223 2 NONE
114 1225 2 NONE
116 1227 1 NONE
117 1228 1 NONE
97 1229 2 NONE
104 1231 7 NONE
114 1238 2 NONE
97 1240 1 NONE
98 1241 1 NONE
99 1242 1 NONE
109 1243 1 NONE
114 1244 1 NONE
117 1245 1 NONE
120 1246 10 NONE
105 1256 1 NONE
121 1257 1 NONE
100 1258 1 NONE
101 1259 1 NONE
114 1260 1 NONE
97 1261 1 NONE
117 1262 1 NONE
100 1263 1 NONE
104 1264 1 NONE
105 1265 1 NONE
110 1266 1 NONE
117 1267 2 NONE
97 1269 4 NONE
101 1273 1 NONE
104 1274 1 NONE
105 1275 1 NONE
97 1276 2 NONE
101 1278 2 NONE
105 1280 1 NONE
114 1281 1 NONE
117 1282 1 NONE
228 1283 1 NONE
246 1284 1 NONE
97 1285 1 NONE
99 1286 2 NONE
114 1288 1 NONE
97 1289 1 NONE
117 1290 1 NONE
99 1291 1 NONE
99 1292 1 NONE
102 1293 1 NONE
105 1294 1 NONE
110 1295 1 NONE
112 1296 2 NONE
114 1298 2 NONE
115 1300 1 NONE
121 1301 1 NONE
101 1302 1 NONE
114 1303 1 NONE
115 1304 1 NONE
117 1305 2 NONE
116 1307 1 NONE
114 1308 1 NONE
97 1309 2 NONE
105 1311 2 NONE
111 1313 2 NONE
99 1315 1 NONE
110 1316 1 NONE
115 1317 1 NONE
97 1318 1 NONE
105 1319 1 NONE
116 1320 1 NONE
116 1321 1 NONE
116 1322 1 NONE
100 1323 1 NONE
103 1324 2 NONE
105 1326 1 NONE
106 1327 1 NONE
114 1328 5 NONE
97 1333 2 NONE
98 1335 1 NONE
111 1336 1 NONE
114 1337 2 NONE
108 1339 1 NONE
114 1340 1 NONE
116 1341 1 NONE
121 1342 1 NONE
122 1343 1 NONE
102 1344 0 WORD
108 1344 2 NONE
110 1346 1 NONE
115 1347 1 NONE
116 1348 1 NONE
99 1349 1 NONE
108 1350 1 NONE
110 1351 1 NONE
120 1352 3 NONE
114 1355 1 NONE
97 1356 1 NONE
120 1357 1 NONE
117 1358 1 NONE
105 1359 1 NONE
104 1360 1 NONE
117 1361 1 NONE
117 1362 1 NONE
110 1363 1 NONE
98 1364 1 WORD
111 1365 1 NONE
104 1366 1 NONE
97 1367 1 NONE
101 1368 1 NONE
111 1369 1 NONE
101 1370 2 NONE
114 1372 1 NONE
117 1373 1 NONE
112 1374 1 NONE
105 1375 2 NONE
108 1377 1 NONE
105 1378 1 NONE
108 1379 3 NONE
115 1382 1 NONE
101 1383 1 NONE
97 1384 0 WORD
108 1384 1 NONE
115 1385 1 WORD
113 1386 1 NONE
97 1387 0 WORD
97 1387 1 NONE
97 1388 1 NONE
117 1389 1 NONE
97 1390 1 NONE
108 1391 3 WORD
108 1394 1 NONE
105 1395 1 NONE
108 1396 1 NONE
115 1397 0 WORD
114 1397 1 NONE
101 1398 1 NONE
115 1399 1 NONE
111 1400 1 NONE
99 1401 1 NONE
111 1402 1 NONE
102 1403 1 NONE
104 1404 1 NONE
109 1405 1 NONE
114 1406 1 NONE
119 1407 1 NONE
97 1408 1 NONE
99 1409 1 NONE
115 1410 1 NONE
105 1411 1 NONE
104 1412 1 NONE
115 1413 3 NONE
116 1416 1 NONE
116 1417 1 NONE
98 1418 2 NONE
103 1420 1 NONE
116 1421 1 NONE
97 1422 1 NONE
115 1423 1 NONE
109 1424 0 WORD
105 1424 1 NONE
108 1425 1 NONE
105 1426 1 NONE
112 1427 1 NONE
116 1428 1 NONE
116 1429 1 NONE
114 1430 1 WORD
115 1431 1 NONE
116 1432 1 NONE
104 1433 1 NONE
111 1434 1 NONE
45 1435 1 NONE
46 1436 1 NONE
108 1437 1 NONE
116 1438 1 NONE
99 1439 1 NONE
101 1440 1 NONE
99 1441 1 NONE
101 1442 1 NONE
116 1443 1 NONE
101 1444 1 NONE
119 1445 1 NONE
100 1446 2 NONE
101 1448 1 NONE
104 1449 1 NONE
102 1450 2 NONE
111 1452 1 NONE
115 1453 1 NONE
97 1454 1 NONE
97 1455 1 NONE
100 1456 1 NONE
101 1457 1 NONE
98 1458 1 NONE
117 1459 1 NONE
100 1460 2 NONE
109 1462 1 NONE
103 1463 1 NONE
114 1464 1 NONE
110 1465 1 NONE
101 1466 1 NONE
97 1467 1 NONE
107 1468 1 NONE
108 1469 2 NONE
115 1471 2 NONE
116 1473 3 NONE
97 1476 1 NONE
101 1477 1 NONE
111 1478 1 NONE
97 1479 1 NONE
100 1480 1 NONE
112 1481 1 NONE
116 1482 1 NONE
105 1483 1 NONE
107 1484 2 WORD
116 1486 1 NONE
117 1487 1 NONE
97 1488 1 NONE
98 1489 1 NONE
99 1490 1 NONE
101 1491 2 WORD
110 1493 3 NONE
111 1496 1 NONE
101 1497 1 NONE
110 1498 1 NONE
117 1499 1 NONE
108 1500 1 NONE
116 1501 3 WORD
100 1504 1 NONE
117 1505 1 NONE
97 1506 1 NONE
104 1507 1 NONE
107 1508 3 WORD
108 1511 1 NONE
97 1512 1 NONE
97 1513 2 NONE
110 1515 2 NONE
115 1517 0 WORD
105 1517 1 NONE
99 1518 1 NONE
112 1519 0 WORD
118 1519 2 NONE
105 1521 1 NONE
117 1522 2 NONE
115 1524 1 NONE
115 1525 0 WORD
115 1525 0 WORD
105 1525 1 NONE
110 1526 1 NONE
116 1527 2 ANY
97 1529 1 NONE
227 1530 1 NONE
101 1531 1 NONE
116 1532 1 NONE
107 1533 1 WORD
108 1534 1 NONE
100 1535 1 NONE
115 1536 1 NONE
107 1537 1 WORD
101 1538 0 WORD
100 1538 1 NONE
104 1539 1 NONE
117 1540 1 NONE
105 1541 1 NONE
99 1542 1 NONE
99 1543 1 NONE
116 1544 1 NONE
111 1545 1 NONE
99 1546 1 NONE
108 1547 1 NONE
99 1548 1 NONE
101 1549 0 WORD
233 1549 1 NONE
110 1550 1 NONE
104 1551 2 NONE
114 1553 1 NONE
101 1554 1 NONE
99 1555 1 NONE
107 1556 1 NONE
101 1557 1 NONE
117 1558 1 NONE
108 1559 2 NONE
115 1561 1 NONE
109 1562 1 NONE
111 1563 1 NONE
117 1564 1 NONE
114 1565 1 NONE
103 1566 1 NONE
107 1567 1 NONE
108 1568 1 NONE
111 1569 1 NONE
111 1570 1 NONE
117 1571 1 NONE
98 1572 1 NONE
101 1573 2 NONE
107 1575 1 NONE
101 1576 1 NONE
103 1577 2 NONE
105 1579 1 NONE
115 1580 0 WORD
122 1580 0 WORD
103 1580 1 WORD
114 1581 1 NONE
115 1582 1 NONE
97 1583 1 NONE
108 1584 1 NONE
117 1585 1 NONE
99 1586 2 NONE
104 1588 1 NONE
97 1589 1 NONE
115 1590 1 NONE
107 1591 0 WORD
108 1591 1 NONE
97 1592 1 NONE
108 1593 1 NONE
115 1594 2 NONE
105 1596 1 NONE
116 1597 2 NONE
106 1599 1 WORD
107 1600 6 WORD
107 1606 1 NONE
104 1607 1 NONE
115 1608 2 NONE
103 1610 1 NONE
110 1611 1 WORD
116 1612 1 NONE
116 1613 1 NONE
109 1614 1 NONE
97 1615 0 WORD
101 1615 1 WORD
105 1616 0 WORD
110 1616 1 NONE
122 1617 1 NONE
101 1618 1 NONE
102 1619 1 NONE
110 1620 1 NONE
116 1621 3 NONE
122 1624 1 NONE
99 1625 1 NONE
115 1626 1 NONE
107 1627 2 ANY
101 1629 1 NONE
103 1630 1 NONE
105 1631 0 WORD
114 1631 1 NONE
97 1632 1 NONE
101 1633 2 NONE
105 1635 1 NONE
107 1636 3 WORD
122 1639 1 WORD
97 1640 1 NONE
114 1641 1 NONE
122 1642 1 NONE
108 1643 1 NONE
101 1644 1 NONE
103 1645 1 NONE
97 1646 1 NONE
99 1647 1 NONE
107 1648 1 NONE
115 1649 0 WORD
108 1649 1 NONE
117 1650 1 NONE
105 1651 2 NONE
105 1653 1 NONE
108 1654 0 WORD
105 1654 1 NONE
111 1655 1 NONE
105 1656 1 NONE
111 1657 1 NONE
98 1658 1 NONE
116 1659 1 NONE
105 1660 2 NONE
110 1662 1 NONE
101 1663 2 WORD
98 1665 1 NONE
114 1666 1 NONE
111 1667 1 NONE
100 1668 1 NONE
115 1669 1 NONE
122 1670 1 NONE
107 1671 0 WORD
105 1671 1 NONE
105 1672 1 NONE
101 1673 1 NONE
103 1674 1 NONE
110 1675 1 NONE
100 1676 1 NONE
109 1677 1 NONE
105 1678 1 NONE
98 1679 1 NONE
105 1680 1 NONE
108 1681 1 NONE
107 1682 1 NONE
111 1683 1 NONE
101 1684 1 NONE
100 1685 1 NONE
111 1686 1 NONE
117 1687 1 NONE
100 1688 1 NONE
104 1689 1 NONE
109 1690 2 NONE
110 1692 1 NONE
108 1693 5 NONE
101 1698 1 NONE
100 1699 1 NONE
111 1700 2 NONE
109 1702 1 NONE
111 1703 1 WORD
115 1704 1 NONE
101 1705 1 NONE
101 1706 1 WORD
110 1707 1 NONE
97 1708 1 NONE
101 1709 1 NONE
107 1710 1 NONE
115 1711 0 WORD
107 1711 1 NONE
97 1712 1 NONE
119 1713 1 NONE
109 1714 0 WORD
115 1714 0 WORD
97 1714 1 NONE
109 1715 0 WORD
122 1715 0 WORD
101 1715 2 NONE
105 1717 1 NONE
101 1718 1 NONE
102 1719 0 WORD
103 1719 1 NONE
101 1720 1 NONE
111 1721 1 NONE
107 1722 4 NONE
97 1726 1 NONE
97 1727 1 NONE
116 1728 1 NONE
116 1729 1 NONE
107 1730 0 WORD
100 1730 1 NONE
122 1731 1 NONE
116 1732 1 WORD
107 1733 0 WORD
115 1733 1 NONE
109 1734 1 NONE
114 1735 1 NONE
117 1736 1 NONE
102 1737 1 NONE
122 1738 2 NONE
108 1740 1 NONE
110 1741 1 NONE
116 1742 2 WORD
111 1744 1 NONE
114 1745 1 NONE
114 1746 1 NONE
101 1747 1 NONE
107 1748 1 NONE
98 1749 2 NONE
101 1751 2 WORD
117 1753 1 NONE
101 1754 1 NONE
116 1755 1 NONE
105 1756 1 NONE
117 1757 1 NONE
115 1758 1 NONE
101 1759 1 NONE
100 1760 1 NONE
103 1761 1 NONE
111 1762 1 NONE
115 1763 1 NONE
116 1764 2 NONE
104 1766 1 NONE
112 1767 1 NONE
115 1768 4 NONE
224 1772 1 NONE
110 1773 2 NONE
111 1775 1 NONE
115 1776 1 NONE
100 1777 1 NONE
104 1778 0 WORD
102 1778 0 WORD
101 1778 1 NONE
115 1779 1 NONE
111 1780 0 WORD
103 1780 1 NONE
110 1781 1 NONE
105 1782 1 NONE
99 1783 1 NONE
104 1784 2 NONE
99 1786 1 NONE
104 1787 1 NONE
111 1788 1 NONE
115 1789 1 NONE
104 1790 2 NONE
116 1792 1 NONE
115 1793 1 NONE
99 1794 1 NONE
101 1795 1 WORD
107 1796 1 NONE
98 1797 1 NONE
121 1798 1 NONE
105 1799 1 NONE
111 1800 1 NONE
117 1801 1 NONE
105 1802 2 WORD
108 1804 0 WORD
100 1804 1 NONE
99 1805 0 WORD
111 1805 1 NONE
101 1806 1 NONE
101 1807 1 NONE
114 1808 1 NONE
114 1809 1 NONE
107 1810 1 NONE
97 1811 1 NONE
104 1812 1 NONE
103 1813 2 NONE
117 1815 1 NONE
103 1816 2 NONE
112 1818 1 NONE
117 1819 5 NONE
103 1824 1 NONE
103 1825 1 NONE
97 1826 1 NONE
115 1827 1 NONE
116 1828 1 NONE
112 1829 1 NONE
114 1830 1 NONE
114 1831 1 NONE
114 1832 3 NONE
110 1835 1 NONE
109 1836 1 NONE
110 1837 1 NONE
121 1838 1 NONE
108 1839 2 WORD
97 1841 3 NONE
105 1844 2 NONE
109 1846 1 NONE
97 1847 1 NONE
105 1848 1 NONE
108 1849 1 NONE
117 1850 1 NONE
116 1851 1 NONE
107 1852 1 NONE
101 1853 1 NONE
111 1854 2 NONE
243 1856 1 NONE
101 1857 1 NONE
110 1858 1 NONE
112 1859 1 NONE
110 1860 1 NONE
97 1861 1 NONE
105 1862 1 NONE
110 1863 1 NONE
117 1864 2 NONE
118 1866 1 NONE
246 1867 1 NONE
108 1868 2 NONE
99 1870 1 NONE
107 1871 2 WORD
109 1873 1 NONE
112 1874 1 NONE
101 1875 2 WORD
233 1877 0 WORD
101 1877 1 NONE
115 1878 2 NONE
115 1880 0 WORD
97 1880 1 NONE
108 1881 2 NONE
112 1883 1 NONE
112 1884 1 NONE
110 1885 2 WORD
114 1887 1 NONE
102 1888 1 NONE
115 1889 1 NONE
112 1890 1 NONE
105 1891 1 NONE
102 1892 1 NONE
104 1893 1 NONE
122 1894 1 NONE
115 1895 2 NONE
97 1897 2 WORD
101 1899 1 WORD
111 1900 0 WORD
111 1900 2 NONE
97 1902 1 NONE
111 1903 2 NONE
233 1905 2 WORD
49 1907 1 NONE
105 1908 1 NONE
97 1909 1 NONE
101 1910 1 NONE
113 1911 1 NONE
111 1912 1 NONE
97 1913 0 WORD
105 1913 2 NONE
97 1915 1 NONE
97 1916 1 WORD
115 1917 2 NONE
116 1919 1 NONE
105 1920 1 NONE
107 1921 1 NONE
116 1922 1 NONE
116 1923 1 NONE
110 1924 1 NONE
116 1925 1 NONE
111 1926 1 NONE
97 1927 1 NONE
111 1928 1 NONE
110 1929 1 NONE
122 1930 1 NONE
101 1931 1 NONE
100 1932 1 NONE
97 1933 1 NONE
98 1934 1 NONE
112 1935 1 NONE
115 1936 1 NONE
98 1937 1 NONE
104 1938 1 NONE
107 1939 3 NONE
115 1942 1 NONE
224 1943 1 NONE
111 1944 1 WORD
97 1945 1 NONE
101 1946 2 WORD
111 1948 1 NONE
232 1949 1 NONE
104 1950 1 NONE
112 1951 1 NONE
97 1952 1 NONE
114 1953 1 NONE
97 1954 1 NONE
104 1955 1 NONE
110 1956 1 NONE
116 1957 1 NONE
97 1958 1 NONE
101 1959 1 NONE
105 1960 1 NONE
108 1961 4 NONE
110 1965 1 NONE
117 1966 1 NONE
119 1967 3 NONE
101 1970 1 NONE
111 1971 1 NONE
108 1972 1 NONE
114 1973 1 NONE
104 1974 1 NONE
101 1975 1 NONE
118 1976 1 NONE
99 1977 1 NONE
97 1978 1 NONE
101 1979 1 NONE
107 1980 1 NONE
109 1981 1 NONE
111 1982 1 NONE
112 1983 1 NONE
113 1984 1 NONE
115 1985 1 NONE
117 1986 2 NONE
121 1988 1 NONE
116 1989 3 WORD
116 1992 3 WORD
97 1995 0 WORD
103 1995 1 NONE
105 1996 1 NONE
110 1997 2 NONE
116 1999 3 WORD
111 2002 1 WORD
97 2003 0 WORD
120 2003 1 NONE
111 2004 1 NONE
109 2005 1 NONE
115 2006 1 NONE
99 2007 1 NONE
103 2008 1 NONE
115 2009 1 NONE
116 2010 1 NONE
114 2011 1 NONE
105 2012 1 NONE
114 2013 1 NONE
108 2014 1 NONE
114 2015 1 NONE
99 2016 1 NONE
105 2017 1 NONE
108 2018 1 NONE
105 2019 1 NONE
114 2020 1 NONE
110 2021 1 NONE
114 2022 1 NONE
118 2023 1 NONE
101 2024 2 WORD
233 2026 0 WORD
117 2026 1 NONE
115 2027 1 NONE
102 2028 1 NONE
114 2029 1 NONE
104 2030 1 NONE
105 2031 1 NONE
108 2032 1 NONE
116 2033 1 NONE
101 2034 1 NONE
105 2035 1 NONE
108 2036 1 NONE
116 2037 1 NONE
100 2038 1 NONE
119 2039 1 NONE
116 2040 1 NONE
99 2041 1 NONE
116 2042 1 NONE
98 2043 1 NONE
99 2044 1 NONE
116 2045 3 NONE
99 2048 1 NONE
110 2049 1 NONE
118 2050 1 NONE
110 2051 1 NONE
113 2052 1 NONE
116 2053 1 NONE
117 2054 3 NONE
107 2057 1 NONE
116 2058 1 NONE
115 2059 1 NONE
116 2060 0 WORD
110 2060 1 NONE
233 2061 1 NONE
101 2062 2 NONE
101 2064 1 NONE
105 2065 1 NONE
97 2066 1 NONE
105 2067 2 NONE
116 2069 1 NONE
105 2070 1 NONE
97 2071 1 NONE
100 2072 1 NONE
102 2073 1 NONE
103 2074 2 NONE
106 2076 1 NONE
100 2077 1 NONE
103 2078 1 NONE
114 2079 2 NONE
108 2081 1 WORD
103 2082 1 NONE
117 2083 1 NONE
108 2084 5 NONE
104 2089 1 NONE
122 2090 1 NONE
101 2091 1 NONE
122 2092 1 NONE
108 2093 1 NONE
118 2094 2 NONE
107 2096 1 NONE
115 2097 1 NONE
98 2098 1 NONE
104 2099 1 NONE
100 2100 1 NONE
100 2101 2 NONE
101 2103 2 WORD
102 2105 2 NONE
120 2107 1 NONE
101 2108 1 NONE
109 2109 1 NONE
111 2110 1 NONE
98 2111 1 NONE
100 2112 1 NONE
97 2113 1 NONE
120 2114 1 NONE
112 2115 2 NONE
119 2117 1 NONE
115 2118 0 WORD
112 2118 1 NONE
97 2119 1 NONE
99 2120 1 NONE
99 2121 1 NONE
116 2122 1 NONE
102 2123 1 NONE
119 2124 1 NONE
116 2125 1 NONE
116 2126 1 NONE
114 2127 1 NONE
99 2128 1 NONE
120 2129 1 NONE
102 2130 0 WORD
110 2130 0 START
102 2130 2 WORD
108 2132 1 NONE
112 2133 1 NONE
99 2134 1 NONE
110 2135 2 NONE
101 2137 0 WORD
118 2137 1 NONE
97 2138 2 NONE
122 2140 1 NONE
101 2141 1 NONE
101 2142 2 NONE
114 2144 1 NONE
98 2145 1 NONE
101 2146 0 WORD
115 2146 1 NONE
101 2147 1 NONE
115 2148 2 NONE
105 2150 1 NONE
116 2151 1 NONE
114 2152 0 WORD
99 2152 1 NONE
109 2153 1 NONE
104 2154 7 WORD
108 2161 2 NONE
97 2163 1 NONE
111 2164 2 NONE
111 2166 1 NONE
97 2167 1 NONE
105 2168 1 NONE
114 2169 1 NONE
104 2170 1 NONE
99 2171 1 NONE
115 2172 1 NONE
111 2173 1 NONE
101 2174 3 WORD
111 2177 1 NONE
233 2178 1 WORD
111 2179 1 NONE
114 2180 1 NONE
111 2181 1 NONE
117 2182 1 NONE
98 2183 1 NONE
97 2184 1 NONE
114 2185 1 NONE
101 2186 2 NONE
102 2188 1 NONE
97 2189 1 NONE
115 2190 1 NONE
114 2191 2 NONE
105 2193 1 NONE
110 2194 1 NONE
114 2195 1 NONE
101 2196 1 NONE
99 2197 1 NONE
97 2198 0 WORD
116 2198 1 WORD
108 2199 1 NONE
108 2200 1 NONE
97 2201 1 NONE
99 2202 1 NONE
97 2203 1 NONE
120 2204 1 NONE
104 2205 2 WORD
109 2207 1 NONE
101 2208 2 NONE
115 2210 1 NONE
106 2211 1 NONE
97 2212 1 NONE
228 2213 1 NONE
116 2214 2 NONE
101 2216 1 WORD
101 2217 1 NONE
105 2218 1 NONE
108 2219 1 NONE
99 2220 1 NONE
110 2221 1 NONE
115 2222 1 NONE
97 2223 1 NONE
114 2224 0 WORD
115 2224 0 WORD
101 2224 1 NONE
101 2225 1 NONE
115 2226 1 NONE
97 2227 1 NONE
110 2228 1 NONE
114 2229 1 NONE
108 2230 1 NONE
116 2231 1 NONE
107 2232 2 NONE
97 2234 1 NONE
101 2235 1 NONE
115 2236 1 NONE
97 2237 1 NONE
101 2238 1 NONE
104 2239 1 NONE
112 2240 1 NONE
119 2241 2 NONE
114 2243 1 NONE
116 2244 1 NONE
116 2245 1 NONE
108 2246 1 NONE
105 2247 1 NONE
101 2248 1 NONE
114 2249 2 NONE
110 2251 1 WORD
115 2252 0 WORD
122 2252 0 WORD
116 2252 1 NONE
100 2253 2 NONE
115 2255 1 NONE
114 2256 1 NONE
97 2257 1 NONE
110 2258 1 NONE
114 2259 0 WORD
101 2259 1 NONE
107 2260 0 WORD
116 2260 1 NONE
116 2261 1 NONE
117 2262 1 NONE
107 2263 0 WORD
110 2263 1 NONE
117 2264 1 NONE
111 2265 2 WORD
115 2267 0 WORD
116 2267 1 NONE
111 2268 1 WORD
100 2269 1 NONE
105 2270 1 NONE
111 2271 1 NONE
104 2272 1 NONE
114 2273 1 NONE
115 2274 1 WORD
97 2275 1 NONE
110 2276 1 NONE
114 2277 1 NONE
115 2278 1 NONE
97 2279 2 NONE
101 2281 2 WORD
108 2283 1 NONE
107 2284 3 WORD
97 2287 1 NONE
117 2288 1 NONE
120 2289 1 NONE
105 2290 1 NONE
112 2291 1 NONE
116 2292 1 NONE
108 2293 1 NONE
105 2294 1 WORD
115 2295 0 WORD
122 2295 0 WORD
111 2295 0 WORD
111 2295 0 WORD
114 2295 1 NONE
115 2296 1 NONE
115 2297 0 WORD
97 2297 1 NONE
111 2298 1 WORD
104 2299 1 NONE
115 2300 0 WORD
111 2300 0 WORD
117 2300 1 NONE
109 2301 1 NONE
110 2302 1 NONE
104 2303 1 NONE
107 2304 1 NONE
116 2305 1 NONE
110 2306 1 WORD
104 2307 3 NONE
111 2310 1 NONE
104 2311 1 NONE
99 2312 1 NONE
104 2313 1 NONE
101 2314 1 NONE
109 2315 1 NONE
108 2316 1 NONE
114 2317 1 NONE
117 2318 1 NONE
117 2319 1 NONE
114 2320 1 NONE
108 2321 5 NONE
111 2326 1 NONE
246 2327 1 NONE
105 2328 1 NONE
97 2329 0 WORD
105 2329 1 NONE
105 2330 1 NONE
101 2331 1 NONE
105 2332 1 NONE
116 2333 1 NONE
97 2334 1 NONE
114 2335 1 NONE
110 2336 0 WORD
113 2336 1 NONE
114 2337 1 NONE
100 2338 1 NONE
115 2339 1 NONE
97 2340 1 NONE
116 2341 0 WORD
105 2341 1 NONE
111 2342 1 NONE
116 2343 0 WORD
115 2343 0 WORD
101 2343 3 NONE
99 2346 1 NONE
99 2347 1 NONE
117 2348 1 NONE
115 2349 0 WORD
104 2349 1 NONE
105 2350 1 NONE
105 2351 1 NONE
115 2352 1 NONE
116 2353 1 NONE
103 2354 1 NONE
116 2355 1 NONE
97 2356 1 NONE
101 2357 1 NONE
233 2358 1 WORD
115 2359 1 NONE
115 2360 1 NONE
119 2361 1 NONE
115 2362 0 WORD
101 2362 2 NONE
102 2364 2 NONE
103 2366 1 NONE
108 2367 1 NONE
109 2368 2 NONE
115 2370 2 NONE
101 2372 1 NONE
111 2373 1 NONE
50 2374 1 NONE
100 2375 1 NONE
101 2376 1 NONE
115 2377 0 WORD
116 2377 1 NONE
101 2378 2 NONE
105 2380 1 NONE
114 2381 0 WORD
105 2381 1 NONE
101 2382 1 WORD
116 2383 1 NONE
111 2384 1 NONE
101 2385 0 WORD
101 2385 1 NONE
111 2386 1 NONE
114 2387 4 NONE
101 2391 0 WORD
97 2391 1 NONE
116 2392 1 NONE
110 2393 1 NONE
122 2394 0 WORD
114 2394 0 WORD
101 2394 1 NONE
101 2395 1 NONE
104 2396 0 WORD
110 2396 0 WORD
114 2396 0 WORD
110 2396 0 WORD
97 2396 1 NONE
101 2397 2 NONE
105 2399 1 NONE
101 2400 1 NONE
108 2401 1 NONE
101 2402 1 NONE
101 2403 0 WORD
104 2403 1 NONE
109 2404 1 NONE
98 2405 1 NONE
103 2406 1 NONE
101 2407 1 WORD
97 2408 1 NONE
97 2409 1 NONE
109 2410 2 NONE
99 2412 1 NONE
110 2413 1 NONE
114 2414 1 NONE
116 2415 1 NONE
122 2416 1 NONE
109 2417 1 NONE
112 2418 1 NONE
105 2419 1 NONE
97 2420 1 NONE
99 2421 1 NONE
120 2422 1 NONE
100 2423 1 NONE
109 2424 1 NONE
115 2425 0 WORD
98 2425 1 NONE
105 2426 1 NONE
108 2427 0 WORD
101 2427 1 NONE
101 2428 1 NONE
101 2429 1 NONE
110 2430 1 NONE
110 2431 1 NONE
110 2432 1 NONE
110 2433 1 NONE
105 2434 1 NONE
111 2435 1 NONE
97 2436 0 WORD
116 2436 1 NONE
101 2437 1 NONE
110 2438 1 NONE
115 2439 0 WORD
102 2439 1 NONE
111 2440 1 NONE
110 2441 1 NONE
105 2442 1 NONE
105 2443 1 NONE
109 2444 2 NONE
114 2446 1 NONE
108 2447 1 NONE
101 2448 1 NONE
108 2449 1 NONE
97 2450 1 NONE
97 2451 1 NONE
101 2452 1 NONE
108 2453 1 NONE
111 2454 1 NONE
117 2455 1 NONE
110 2456 1 NONE
111 2457 1 NONE
99 2458 1 NONE
107 2459 1 NONE
101 2460 3 NONE
115 2463 1 WORD
116 2464 1 NONE
110 2465 1 NONE
110 2466 4 WORD
101 2470 1 NONE
110 2471 1 NONE
115 2472 1 NONE
111 2473 1 NONE
111 2474 1 NONE
100 2475 0 WORD
111 2475 1 NONE
110 2476 0 WORD
102 2476 1 NONE
112 2477 1 NONE
114 2478 0 WORD
110 2478 2 NONE
104 2480 1 NONE
114 2481 0 WORD
108 2481 0 WORD
98 2481 1 NONE
101 2482 2 WORD
102 2484 1 NONE
115 2485 1 NONE
107 2486 1 NONE
108 2487 1 NONE
111 2488 1 NONE
114 2489 2 NONE
101 2491 1 NONE
108 2492 1 NONE
111 2493 1 NONE
104 2494 1 NONE
117 2495 1 NONE
111 2496 1 NONE
108 2497 2 NONE
114 2499 1 NONE
98 2500 1 NONE
101 2501 1 WORD
117 2502 1 NONE
105 2503 1 NONE
115 2504 0 WORD
122 2504 0 WORD
117 2504 1 NONE
105 2505 1 NONE
105 2506 1 NONE
109 2507 1 NONE
109 2508 1 NONE
105 2509 3 NONE
111 2512 1 NONE
115 2513 0 WORD
116 2513 1 NONE
115 2514 1 NONE
114 2515 0 WORD
98 2515 2 NONE
102 2517 1 NONE
110 2518 0 WORD
111 2518 1 NONE
108 2519 2 NONE
114 2521 1 NONE
101 2522 1 NONE
99 2523 1 NONE
116 2524 2 NONE
101 2526 1 NONE
117 2527 1 NONE
117 2528 1 NONE
111 2529 1 NONE
112 2530 1 NONE
115 2531 1 NONE
117 2532 1 NONE
224 2533 1 NONE
109 2534 1 NONE
46 2535 1 NONE
107 2536 1 NONE
112 2537 1 NONE
116 2538 1 NONE
97 2539 0 WORD
114 2539 1 NONE
101 2540 0 WORD
111 2540 1 NONE
104 2541 1 NONE
99 2542 1 NONE
111 2543 1 NONE
97 2544 1 NONE
101 2545 1 NONE
104 2546 1 NONE
105 2547 1 NONE
108 2548 2 NONE
111 2550 1 NONE
97 2551 2 NONE
101 2553 1 NONE
101 2554 1 NONE
101 2555 0 WORD
104 2555 1 NONE
110 2556 1 NONE
116 2557 0 WORD
108 2557 1 NONE
117 2558 0 WORD
111 2558 1 NONE
109 2559 1 NONE
114 2560 2 NONE
101 2562 1 NONE
115 2563 3 WORD
109 2566 1 NONE
102 2567 1 NONE
115 2568 1 NONE
108 2569 1 NONE
111 2570 2 WORD
111 2572 2 NONE
111 2574 1 NONE
114 2575 1 NONE
111 2576 1 NONE
97 2577 0 ANY
101 2577 1 NONE
114 2578 0 WORD
101 2578 1 NONE
114 2579 0 WORD
101 2579 1 NONE
97 2580 5 WORD
101 2585 6 NONE
105 2591 2 NONE
111 2593 1 NONE
233 2594 1 WORD
101 2595 1 NONE
101 2596 1 NONE
112 2597 0 WORD
97 2597 1 NONE
101 2598 1 WORD
104 2599 2 NONE
101 2601 1 WORD
111 2602 1 NONE
101 2603 1 NONE
105 2604 1 NONE
111 2605 1 WORD
103 2606 0 WORD
97 2606 1 NONE
105 2607 1 NONE
117 2608 1 NONE
115 2609 1 NONE
118 2610 1 NONE
110 2611 1 NONE
115 2612 4 NONE
122 2616 1 NONE
97 2617 1 NONE
101 2618 2 WORD
97 2620 2 NONE
98 2622 1 NONE
53 2623 0 WORD
53 2623 0 WORD
99 2623 1 NONE
111 2624 1 NONE
101 2625 1 NONE
114 2626 1 NONE
102 2627 1 NONE
112 2628 1 NONE
102 2629 1 NONE
110 2630 1 NONE
117 2631 1 NONE
115 2632 1 NONE
117 2633 1 NONE
115 2634 0 WORD
115 2634 3 WORD
101 2637 1 NONE
115 2638 0 WORD
117 2638 1 NONE
101 2639 1 NONE
99 2640 1 NONE
108 2641 1 NONE
117 2642 1 NONE
107 2643 1 WORD
101 2644 1 NONE
107 2645 1 NONE
101 2646 1 NONE
101 2647 1 NONE
114 2648 0 WORD
115 2648 0 WORD
115 2648 0 WORD
101 2648 4 WORD
110 2652 1 NONE
114 2653 1 NONE
112 2654 1 NONE
115 2655 1 NONE
111 2656 1 NONE
101 2657 1 WORD
104 2658 1 NONE
111 2659 2 WORD
97 2661 0 WORD
102 2661 1 NONE
116 2662 1 NONE
117 2663 1 NONE
101 2664 1 NONE
115 2665 0 WORD
101 2665 1 NONE
101 2666 1 WORD
101 2667 1 WORD
121 2668 0 WORD
105 2668 1 NONE
115 2669 1 NONE
115 2670 0 WORD
102 2670 1 NONE
112 2671 1 NONE
108 2672 1 NONE
112 2673 1 NONE
113 2674 1 NONE
114 2675 1 NONE
115 2676 0 WORD
53 2676 0 WORD
115 2676 0 WORD
115 2676 1 NONE
102 2677 0 WORD
117 2677 1 NONE
116 2678 1 NONE
97 2679 1 NONE
115 2680 2 NONE
115 2682 1 NONE
115 2683 0 WORD
101 2683 1 NONE
105 2684 1 NONE
97 2685 1 NONE
99 2686 1 NONE
116 2687 1 NONE
117 2688 1 NONE
117 2689 1 NONE
101 2690 1 NONE
117 2691 1 NONE
105 2692 1 WORD
114 2693 1 NONE
117 2694 1 NONE
224 2695 1 NONE
101 2696 1 WORD
114 2697 1 NONE
117 2698 1 NONE
110 2699 2 NONE
105 2701 1 NONE
101 2702 1 NONE
116 2703 1 NONE
117 2704 1 NONE
117 2705 1 NONE
103 2706 1 NONE
114 2707 1 NONE
115 2708 1 NONE
224 2709 1 NONE
109 2710 1 NONE
109 2711 1 NONE
117 2712 1 NONE
112 2713 1 NONE
115 2714 1 NONE
112 2715 2 WORD
114 2717 1 NONE
105 2718 1 NONE
104 2719 1 NONE
99 2720 1 NONE
97 2721 1 NONE
110 2722 0 WORD
117 2722 1 NONE
107 2723 0 WORD
111 2723 1 NONE
109 2724 2 NONE
105 2726 3 NONE
102 2729 1 NONE
97 2730 1 NONE
101 2731 2 NONE
105 2733 1 NONE
111 2734 1 NONE
97 2735 1 NONE
116 2736 1 NONE
97 2737 2 NONE
101 2739 1 NONE
117 2740 2 NONE
119 2742 1 NONE
116 2743 1 NONE
115 2744 1 NONE
97 2745 1 NONE
115 2746 1 NONE
110 2747 0 WORD
101 2747 1 NONE
117 2748 0 WORD
99 2748 1 NONE
97 2749 1 NONE
105 2750 1 NONE
97 2751 2 NONE
114 2753 1 NONE
97 2754 1 NONE
117 2755 1 NONE
104 2756 1 NONE
97 2757 1 NONE
101 2758 1 NONE
98 2759 1 NONE
115 2760 0 WORD
116 2760 1 NONE
122 2761 0 WORD
101 2761 0 WORD
116 2761 1 NONE
121 2762 0 WORD
104 2762 1 NONE
114 2763 1 NONE
99 2764 1 NONE
107 2765 3 WORD
115 2768 0 WORD
116 2768 1 NONE
122 2769 0 WORD
109 2769 1 NONE
97 2770 1 NONE
102 2771 1 NONE
105 2772 1 NONE
45 2773 1 NONE
107 2774 1 NONE
104 2775 1 NONE
116 2776 1 WORD
122 2777 1 NONE
109 2778 3 WORD
110 2781 1 NONE
105 2782 1 NONE
105 2783 1 NONE
102 2784 1 NONE
104 2785 1 NONE
102 2786 1 NONE
108 2787 1 NONE
99 2788 1 NONE
109 2789 1 NONE
100 2790 1 NONE
107 2791 1 NONE
97 2792 1 NONE
114 2793 1 NONE
117 2794 2 NONE
98 2796 2 NONE
116 2798 1 NONE
101 2799 1 NONE
233 2800 1 NONE
101 2801 1 NONE
111 2802 1 NONE
108 2803 1 NONE
111 2804 1 NONE
116 2805 1 NONE
110 2806 2 WORD
111 2808 1 NONE
101 2809 2 NONE
101 2811 1 NONE
111 2812 1 NONE
115 2813 0 WORD
101 2813 1 NONE
105 2814 1 NONE
101 2815 1 WORD
104 2816 1 WORD
99 2817 1 NONE
101 2818 1 WORD
105 2819 1 NONE
104 2820 1 NONE
115 2821 2 NONE
101 2823 1 NONE
103 2824 1 NONE
117 2825 1 NONE
116 2826 1 NONE
98 2827 1 NONE
100 2828 2 NONE
115 2830 1 NONE
101 2831 0 WORD
101 2831 1 WORD
101 2832 1 WORD
119 2833 1 NONE
115 2834 0 WORD
100 2834 1 NONE
115 2835 1 NONE
114 2836 1 NONE
97 2837 0 WORD
98 2837 1 NONE
105 2838 1 NONE
110 2839 2 WORD
111 2841 1 NONE
110 2842 1 NONE
114 2843 1 NONE
97 2844 1 NONE
105 2845 1 NONE
97 2846 1 NONE
101 2847 1 NONE
117 2848 1 NONE
111 2849 0 WORD
114 2849 1 NONE
97 2850 1 NONE
111 2851 0 WORD
101 2851 2 NONE
105 2853 1 NONE
115 2854 1 NONE
100 2855 1 NONE
103 2856 1 NONE
105 2857 1 NONE
112 2858 2 NONE
116 2860 1 NONE
97 2861 1 NONE
101 2862 1 WORD
117 2863 1 NONE
101 2864 1 WORD
118 2865 1 NONE
97 2866 0 WORD
101 2866 0 WORD
101 2866 1 NONE
101 2867 1 NONE
97 2868 1 NONE
115 2869 2 NONE
115 2871 1 NONE
114 2872 1 NONE
119 2873 1 NONE
110 2874 0 WORD
114 2874 1 WORD
108 2875 1 NONE
114 2876 1 NONE
101 2877 1 NONE
99 2878 1 NONE
115 2879 1 NONE
116 2880 1 NONE
101 2881 0 WORD
101 2881 1 NONE
114 2882 1 NONE
98 2883 1 NONE
105 2884 1 NONE
111 2885 1 NONE
97 2886 0 WORD
104 2886 1 NONE
110 2887 1 NONE
117 2888 1 NONE
116 2889 1 NONE
105 2890 2 NONE
117 2892 1 NONE
105 2893 2 NONE
111 2895 0 WORD
105 2895 1 WORD
105 2896 1 NONE
104 2897 1 NONE
101 2898 1 NONE
104 2899 1 WORD
116 2900 1 NONE
102 2901 1 NONE
104 2902 2 WORD
104 2904 1 NONE
97 2905 1 NONE
115 2906 1 NONE
105 2907 1 NONE
101 2908 1 NONE
105 2909 1 NONE
101 2910 1 NONE
100 2911 1 NONE
100 2912 1 NONE
105 2913 1 NONE
113 2914 1 NONE
252 2915 1 NONE
101 2916 1 NONE
114 2917 1 NONE
101 2918 1 NONE
233 2919 1 NONE
110 2920 1 NONE
104 2921 1 NONE
104 2922 0 WORD
98 2922 1 NONE
102 2923 2 NONE
103 2925 1 NONE
107 2926 1 NONE
108 2927 3 NONE
110 2930 1 NONE
114 2931 1 NONE
115 2932 1 NONE
101 2933 2 WORD
122 2935 0 WORD
99 2935 1 NONE
108 2936 2 NONE
122 2938 0 WORD
110 2938 1 NONE
109 2939 1 NONE
112 2940 1 NONE
100 2941 1 NONE
119 2942 1 NONE
104 2943 1 NONE
116 2944 1 NONE
108 2945 1 NONE
114 2946 0 WORD
115 2946 0 WORD
117 2946 2 NONE
100 2948 1 NONE
101 2949 0 WORD
108 2949 1 NONE
105 2950 1 NONE
117 2951 1 NONE
115 2952 1 NONE
114 2953 1 NONE
114 2954 1 NONE
100 2955 3 WORD
114 2958 0 WORD
117 2958 1 NONE
102 2959 1 NONE
97 2960 1 NONE
115 2961 2 NONE
105 2963 1 NONE
117 2964 1 NONE
97 2965 1 NONE
228 2966 1 NONE
101 2967 1 NONE
120 2968 1 NONE
104 2969 0 WORD
115 2969 0 WORD
97 2969 1 NONE
97 2970 1 NONE
100 2971 2 NONE
104 2973 0 WORD
116 2973 1 NONE
117 2974 2 NONE
101 2976 1 NONE
115 2977 0 WORD
111 2977 1 NONE
101 2978 1 WORD
115 2979 0 WORD
101 2979 1 NONE
111 2980 1 NONE
114 2981 1 NONE
114 2982 1 NONE
32 2983 0 START
97 2983 0 WORD
115 2983 0 WORD
114 2983 0 WORD
110 2983 1 NONE
97 2984 0 WORD
104 2984 1 NONE
105 2985 0 WORD
115 2985 1 NONE
103 2986 1 NONE
116 2987 1 NONE
108 2988 2 WORD
116 2990 1 NONE
110 2991 1 NONE
111 2992 1 NONE
233 2993 0 WORD
101 2993 3 WORD
97 2996 0 WORD
101 2996 0 WORD
107 2996 1 NONE
107 2997 2 NONE
110 2999 1 NONE
104 3000 1 NONE
99 3001 1 NONE
110 3002 0 WORD
111 3002 1 NONE
105 3003 1 NONE
105 3004 1 NONE
108 3005 1 NONE
100 3006 1 WORD
101 3007 0 WORD
101 3007 1 WORD
104 3008 1 NONE
110 3009 1 NONE
116 3010 1 NONE
97 3011 1 NONE
101 3012 1 NONE
115 3013 0 WORD
101 3013 0 WORD
97 3013 1 NONE
101 3014 0 WORD
115 3014 1 NONE
101 3015 0 WORD
110 3015 1 NONE
110 3016 1 NONE
116 3017 1 NONE
111 3018 1 NONE
116 3019 1 NONE
104 3020 2 WORD
101 3022 0 WORD
117 3022 1 NONE
114 3023 1 NONE
115 3024 0 WORD
111 3024 1 NONE
115 3025 0 WORD
119 3025 1 NONE
110 3026 1 NONE
110 3027 1 NONE
101 3028 1 NONE
105 3029 1 NONE
117 3030 1 NONE
98 3031 1 NONE
100 3032 1 NONE
100 3033 2 WORD
115 3035 1 NONE
114 3036 1 NONE
115 3037 1 NONE
114 3038 1 NONE
115 3039 0 WORD
108 3039 3 NONE
98 3042 1 NONE
99 3043 1 NONE
104 3044 1 NONE
114 3045 1 NONE
114 3046 1 NONE
103 3047 1 NONE
108 3048 1 NONE
101 3049 1 WORD
97 3050 1 NONE
105 3051 1 NONE
108 3052 1 NONE
115 3053 1 NONE
99 3054 1 NONE
110 3055 1 NONE
115 3056 0 WORD
105 3056 1 NONE
110 3057 0 WORD
111 3057 0 WORD
97 3057 1 NONE
101 3058 3 WORD
115 3061 5 NONE
101 3066 1 NONE
115 3067 0 WORD
102 3067 1 NONE
103 3068 1 NONE
118 3069 1 NONE
99 3070 1 NONE
108 3071 1 NONE
97 3072 1 NONE
97 3073 1 NONE
108 3074 0 WORD
97 3074 1 NONE
101 3075 1 NONE
112 3076 1 NONE
108 3077 1 NONE
108 3078 2 NONE
100 3080 2 NONE
97 3082 6 WORD
101 3088 5 NONE
105 3093 2 NONE
111 3095 1 NONE
233 3096 2 WORD
101 3098 1 NONE
115 3099 1 NONE
101 3100 1 NONE
114 3101 1 NONE
118 3102 1 NONE
106 3103 1 NONE
101 3104 1 NONE
105 3105 1 NONE
118 3106 1 NONE
114 3107 1 NONE
117 3108 1 NONE
97 3109 1 NONE
101 3110 2 NONE
100 3112 1 NONE
108 3113 1 NONE
116 3114 0 WORD
116 3114 0 WORD
99 3114 1 NONE
108 3115 1 NONE
117 3116 1 NONE
104 3117 1 NONE
105 3118 1 NONE
115 3119 0 WORD
105 3119 1 NONE
115 3120 1 NONE
115 3121 1 NONE
115 3122 0 WORD
102 3122 1 NONE
101 3123 1 NONE
105 3124 1 NONE
116 3125 1 NONE
114 3126 0 WORD
101 3126 1 WORD
99 3127 1 NONE
97 3128 2 NONE
97 3130 1 NONE
110 3131 0 WORD
114 3131 0 WORD
101 3131 1 NONE
114 3132 1 NONE
101 3133 1 NONE
111 3134 1 NONE
97 3135 1 NONE
228 3136 1 NONE
97 3137 1 NONE
99 3138 1 NONE
110 3139 0 WORD
100 3139 1 NONE
112 3140 1 NONE
101 3141 1 NONE
114 3142 2 NONE
101 3144 0 WORD
110 3144 0 WORD
114 3144 0 WORD
110 3144 1 NONE
113 3145 1 NONE
110 3146 2 WORD
116 3148 2 NONE
117 3150 1 NONE
117 3151 2 NONE
105 3153 1 NONE
97 3154 4 WORD
101 3158 3 WORD
105 3161 2 NONE
111 3163 1 NONE
114 3164 1 NONE
103 3165 1 NONE
105 3166 1 NONE
112 3167 1 NONE
114 3168 0 WORD
104 3168 0 WORD
110 3168 0 WORD
114 3168 0 WORD
110 3168 0 WORD
110 3168 0 WORD
105 3168 1 NONE
114 3169 0 WORD
101 3169 1 NONE
97 3170 1 NONE
97 3171 1 NONE
101 3172 1 NONE
115 3173 0 WORD
109 3173 1 NONE
115 3174 1 NONE
109 3175 1 NONE
115 3176 1 NONE
107 3177 1 NONE
103 3178 1 NONE
110 3179 1 NONE
97 3180 1 NONE
105 3181 1 NONE
112 3182 1 NONE
112 3183 1 NONE
108 3184 1 NONE
112 3185 1 NONE
104 3186 1 NONE
116 3187 0 WORD
117 3187 0 WORD
105 3187 1 NONE
101 3188 1 NONE
110 3189 1 NONE
110 3190 1 NONE
115 3191 1 NONE
115 3192 1 NONE
103 3193 0 WORD
101 3193 1 WORD
104 3194 1 NONE
97 3195 1 NONE
112 3196 1 NONE
117 3197 1 NONE
97 3198 2 NONE
108 3200 1 NONE
103 3201 0 WORD
114 3201 1 NONE
110 3202 0 WORD
107 3202 1 NONE
115 3203 1 NONE
110 3204 0 WORD
98 3204 1 NONE
104 3205 1 NONE
105 3206 1 NONE
97 3207 1 NONE
108 3208 1 NONE
101 3209 1 NONE
109 3210 1 NONE
114 3211 0 WORD
114 3211 0 ANY
101 3211 1 NONE
114 3212 0 WORD
114 3212 0 WORD
115 3212 1 NONE
110 3213 1 NONE
97 3214 1 NONE
97 3215 1 NONE
112 3216 1 NONE
115 3217 4 NONE
224 3221 1 NONE
101 3222 1 NONE
45 3223 1 NONE
115 3224 1 NONE
98 3225 1 NONE
100 3226 1 NONE
104 3227 2 NONE
115 3229 1 NONE
114 3230 1 NONE
117 3231 1 NONE
116 3232 0 WORD
102 3232 1 NONE
102 3233 1 NONE
110 3234 1 NONE
115 3235 1 NONE
104 3236 3 NONE
98 3239 1 NONE
115 3240 2 NONE
97 3242 1 NONE
105 3243 1 NONE
110 3244 0 WORD
114 3244 0 WORD
114 3244 1 NONE
112 3245 1 NONE
101 3246 0 WORD
104 3246 1 NONE
102 3247 1 NONE
97 3248 1 NONE
105 3249 1 NONE
114 3250 3 NONE
101 3253 1 NONE
114 3254 1 NONE
97 3255 1 NONE
110 3256 1 NONE
112 3257 1 NONE
97 3258 1 NONE
105 3259 1 NONE
101 3260 1 NONE
114 3261 1 NONE
110 3262 0 WORD
120 3262 1 NONE
108 3263 1 NONE
99 3264 1 NONE
116 3265 1 NONE
110 3266 1 NONE
101 3267 1 NONE
105 3268 1 NONE
97 3269 1 NONE
99 3270 0 WORD
101 3270 1 NONE
115 3271 0 WORD
116 3271 1 NONE
108 3272 1 NONE
101 3273 1 NONE
117 3274 1 NONE
101 3275 1 NONE
110 3276 1 NONE
111 3277 1 NONE
117 3278 2 WORD
97 3280 1 NONE
45 3281 1 NONE
104 3282 1 NONE
101 3283 1 NONE
114 3284 1 NONE
114 3285 2 NONE
114 3287 1 NONE
112 3288 1 NONE
117 3289 1 NONE
111 3290 1 NONE
117 3291 1 NONE
114 3292 1 NONE
109 3293 1 NONE
101 3294 1 NONE
107 3295 1 NONE
97 3296 1 NONE
97 3297 1 NONE
114 3298 1 NONE
109 3299 1 NONE
108 3300 1 WORD
97 3301 1 NONE
97 3302 1 NONE
117 3303 1 NONE
102 3304 2 NONE
114 3306 1 NONE
105 3307 1 WORD
110 3308 0 WORD
105 3308 1 NONE
108 3309 1 NONE
108 3310 2 NONE
102 3312 2 NONE
115 3314 1 NONE
114 3315 1 NONE
114 3316 2 NONE
101 3318 1 NONE
115 3319 1 NONE
97 3320 0 ANY
110 3320 1 NONE
97 3321 1 NONE
103 3322 1 NONE
115 3323 1 NONE
115 3324 0 WORD
99 3324 1 NONE
109 3325 1 NONE
116 3326 1 NONE
105 3327 1 NONE
116 3328 0 WORD
116 3328 0 WORD
119 3328 1 NONE
105 3329 1 NONE
115 3330 0 WORD
102 3330 1 NONE
112 3331 1 NONE
117 3332 1 NONE
100 3333 1 WORD
110 3334 1 WORD
114 3335 0 ANY
114 3335 0 WORD
108 3335 0 WORD
105 3335 3 WORD
109 3338 1 NONE
110 3339 1 NONE
115 3340 1 WORD
116 3341 1 WORD
110 3342 1 NONE
114 3343 4 WORD
115 3347 0 WORD
116 3347 1 NONE
117 3348 1 NONE
122 3349 0 WORD
101 3349 1 NONE
111 3350 1 NONE
110 3351 1 NONE
101 3352 1 WORD
114 3353 0 WORD
105 3353 1 NONE
99 3354 1 NONE
110 3355 0 WORD
101 3355 0 WORD
111 3355 2 WORD
115 3357 0 WORD
112 3357 1 NONE
115 3358 1 NONE
108 3359 1 NONE
115 3360 0 WORD
110 3360 1 NONE
101 3361 1 NONE
110 3362 1 NONE
101 3363 1 NONE
101 3364 1 NONE
101 3365 1 NONE
105 3366 1 NONE
109 3367 4 WORD
117 3371 1 NONE
122 3372 1 NONE
109 3373 2 NONE
113 3375 1 NONE
110 3376 0 WORD
115 3376 0 WORD
98 3376 4 NONE
109 3380 1 NONE
117 3381 1 NONE
104 3382 2 NONE
117 3384 2 NONE
114 3386 0 WORD
97 3386 1 NONE
105 3387 1 NONE
104 3388 1 NONE
105 3389 1 NONE
117 3390 1 NONE
115 3391 0 WORD
104 3391 1 NONE
115 3392 0 WORD
98 3392 1 NONE
114 3393 1 NONE
115 3394 1 NONE
114 3395 0 WORD
115 3395 0 WORD
114 3395 2 NONE
107 3397 1 NONE
117 3398 1 NONE
115 3399 0 WORD
101 3399 1 NONE
114 3400 0 WORD
101 3400 1 NONE
108 3401 1 WORD
114 3402 1 NONE
110 3403 0 WORD
114 3403 0 WORD
115 3403 0 WORD
117 3403 1 NONE
101 3404 1 NONE
97 3405 1 NONE
117 3406 1 NONE
112 3407 1 NONE
116 3408 0 WORD
110 3408 0 WORD
117 3408 1 NONE
103 3409 1 NONE
115 3410 0 WORD
105 3410 1 NONE
105 3411 1 NONE
99 3412 1 NONE
110 3413 0 WORD
116 3413 2 NONE
110 3415 0 WORD
101 3415 0 WORD
110 3415 1 WORD
115 3416 1 NONE
105 3417 1 NONE
104 3418 1 NONE
101 3419 1 WORD
104 3420 1 NONE
117 3421 1 NONE
97 3422 1 NONE
115 3423 1 NONE
101 3424 1 NONE
101 3425 1 NONE
108 3426 0 WORD
109 3426 1 NONE
116 3427 1 NONE
115 3428 1 NONE
110 3429 1 NONE
115 3430 1 NONE
113 3431 1 NONE
104 3432 1 NONE
117 3433 1 NONE
109 3434 0 WORD
98 3434 1 NONE
100 3435 1 NONE
109 3436 0 WORD
115 3436 0 WORD
100 3436 0 WORD
105 3436 1 NONE
102 3437 1 NONE
110 3438 0 WORD
116 3438 1 NONE
115 3439 1 NONE
105 3440 1 NONE
111 3441 1 WORD
103 3442 1 NONE
116 3443 1 NONE
111 3444 1 NONE
109 3445 1 NONE
114 3446 1 NONE
101 3447 1 NONE
97 3448 1 NONE
117 3449 1 NONE
109 3450 1 NONE
101 3451 1 NONE
97 3452 1 NONE
100 3453 2 WORD
117 3455 1 NONE
112 3456 1 NONE
101 3457 2 WORD
115 3459 0 WORD
101 3459 1 NONE
113 3460 1 NONE
111 3461 1 WORD
101 3462 1 NONE
122 3463 1 NONE
110 3464 1 NONE
108 3465 1 NONE
104 3466 1 NONE
108 3467 1 NONE
100 3468 1 NONE
115 3469 1 NONE
223 3470 0 WORD
102 3470 1 NONE
109 3471 1 NONE
105 3472 1 NONE
117 3473 2 WORD
116 3475 1 NONE
110 3476 1 NONE
120 3477 1 NONE
122 3478 1 NONE
99 3479 1 NONE
110 3480 1 NONE
105 3481 1 NONE
99 3482 1 NONE
108 3483 1 NONE
105 3484 1 NONE
117 3485 1 NONE
116 3486 1 NONE
110 3487 1 NONE
109 3488 1 NONE
114 3489 0 START
116 3489 1 NONE
110 3490 1 NONE
110 3491 1 NONE
99 3492 1 NONE
115 3493 1 NONE
103 3494 1 NONE
114 3495 1 NONE
101 3496 1 NONE
111 3497 1 NONE
108 3498 1 NONE
108 3499 0 WORD
105 3499 1 NONE
101 3500 1 NONE
121 3501 0 WORD
101 3501 1 NONE
105 3502 1 NONE
107 3503 0 WORD
101 3503 2 NONE
115 3505 0 WORD
121 3505 0 WORD
121 3505 0 WORD
105 3505 3 NONE
110 3508 1 NONE
97 3509 1 NONE
115 3510 2 WORD
118 3512 1 NONE
111 3513 2 WORD
101 3515 1 NONE
105 3516 1 WORD
101 3517 1 NONE
97 3518 2 WORD
101 3520 0 WORD
105 3520 1 NONE
99 3521 1 NONE
116 3522 1 NONE
110 3523 1 NONE
97 3524 1 NONE
101 3525 1 NONE
101 3526 1 NONE
119 3527 1 NONE
104 3528 2 NONE
119 3530 1 NONE
101 3531 1 NONE
114 3532 1 NONE
99 3533 1 NONE
100 3534 1 NONE
114 3535 2 WORD
115 3537 1 NONE
32 3538 0 START
97 3538 0 WORD
105 3538 1 NONE
114 3539 0 WORD
116 3539 1 NONE
100 3540 1 NONE
108 3541 1 NONE
101 3542 2 NONE
117 3544 2 NONE
116 3546 1 NONE
101 3547 4 WORD
115 3551 0 WORD
117 3551 2 NONE
97 3553 1 NONE
115 3554 1 NONE
109 3555 1 NONE
110 3556 1 NONE
105 3557 1 NONE
99 3558 3 NONE
115 3561 0 WORD
97 3561 0 WORD
104 3561 1 NONE
110 3562 0 WORD
101 3562 1 NONE
101 3563 1 NONE
101 3564 1 WORD
115 3565 1 NONE
115 3566 1 NONE
108 3567 1 NONE
101 3568 1 WORD
101 3569 1 NONE
111 3570 1 NONE
101 3571 1 NONE
117 3572 1 NONE
100 3573 1 NONE
110 3574 0 WORD
110 3574 0 WORD
97 3574 1 NONE
101 3575 2 NONE
100 3577 1 NONE
109 3578 1 NONE
117 3579 1 NONE
110 3580 1 NONE
97 3581 2 WORD
115 3583 0 WORD
109 3583 1 NONE
97 3584 0 WORD
115 3584 1 NONE
109 3585 1 NONE
99 3586 1 NONE
115 3587 1 NONE
119 3588 1 NONE
100 3589 1 NONE
97 3590 0 WORD
116 3590 1 NONE
114 3591 0 WORD
117 3591 1 NONE
110 3592 1 NONE
100 3593 1 NONE
101 3594 1 NONE
101 3595 1 NONE
100 3596 1 NONE
102 3597 1 NONE
105 3598 1 NONE
114 3599 1 NONE
117 3600 1 NONE
110 3601 0 WORD
114 3601 2 WORD
110 3603 0 WORD
97 3603 0 WORD
114 3603 0 WORD
114 3603 1 NONE
99 3604 1 NONE
101 3605 2 WORD
102 3607 2 NONE
112 3609 1 NONE
101 3610 1 NONE
101 3611 1 NONE
101 3612 1 NONE
101 3613 1 NONE
111 3614 1 NONE
114 3615 0 WORD
97 3615 0 WORD
116 3615 1 NONE
97 3616 0 WORD
111 3616 1 NONE
97 3617 0 WORD
114 3617 1 NONE
110 3618 1 WORD
114 3619 1 NONE
105 3620 1 NONE
103 3621 1 NONE
108 3622 3 NONE
105 3625 1 NONE
113 3626 1 NONE
115 3627 1 NONE
99 3628 1 NONE
99 3629 1 NONE
120 3630 1 NONE
115 3631 0 WORD
116 3631 1 NONE
115 3632 1 NONE
110 3633 0 WORD
105 3633 3 NONE
104 3636 1 NONE
104 3637 1 NONE
104 3638 1 NONE
107 3639 1 NONE
101 3640 0 WORD
114 3640 1 NONE
116 3641 1 NONE
114 3642 1 NONE
100 3643 1 NONE
100 3644 1 NONE
101 3645 1 NONE
97 3646 0 WORD
97 3646 0 WORD
100 3646 1 NONE
97 3647 1 NONE
114 3648 1 NONE
120 3649 0 WORD
8217 3649 1 NONE
109 3650 1 NONE
109 3651 1 NONE
103 3652 1 NONE
101 3653 1 NONE
97 3654 1 NONE
105 3655 1 NONE
111 3656 1 NONE
101 3657 2 NONE
114 3659 2 NONE
101 3661 1 NONE
111 3662 1 NONE
246 3663 1 NONE
97 3664 1 NONE
105 3665 1 NONE
112 3666 1 NONE
115 3667 0 WORD
122 3667 0 WORD
101 3667 0 WORD
101 3667 1 WORD
122 3668 0 WORD
107 3668 1 NONE
109 3669 1 NONE
101 3670 0 WORD
233 3670 0 WORD
105 3670 1 NONE
119 3671 1 NONE
101 3672 0 WORD
101 3672 0 WORD
114 3672 1 WORD
115 3673 1 NONE
114 3674 1 NONE
97 3675 0 WORD
110 3675 1 NONE
108 3676 1 NONE
100 3677 1 NONE
111 3678 1 NONE
100 3679 1 NONE
101 3680 1 WORD
105 3681 1 NONE
115 3682 0 WORD
114 3682 0 WORD
116 3682 0 WORD
100 3682 1 NONE
101 3683 1 WORD
116 3684 0 WORD
110 3684 1 NONE
110 3685 1 NONE
108 3686 1 NONE
115 3687 1 NONE
116 3688 1 NONE
117 3689 1 NONE
100 3690 1 NONE
100 3691 1 NONE
100 3692 1 NONE
101 3693 1 NONE
101 3694 0 WORD
97 3694 1 NONE
101 3695 1 NONE
115 3696 0 WORD
108 3696 1 NONE
115 3697 0 WORD
114 3697 0 WORD
98 3697 0 WORD
115 3697 1 NONE
115 3698 1 NONE
103 3699 0 WORD
101 3699 1 NONE
101 3700 0 WORD
101 3700 1 WORD
101 3701 0 WORD
108 3701 1 WORD
115 3702 0 WORD
101 3702 1 NONE
110 3703 0 WORD
117 3703 1 NONE
114 3704 0 WORD
116 3704 1 NONE
117 3705 2 NONE
101 3707 0 WORD
101 3707 0 WORD
107 3707 1 NONE
115 3708 1 NONE
105 3709 1 NONE
116 3710 1 NONE
108 3711 1 NONE
114 3712 1 NONE
112 3713 1 NONE
112 3714 1 NONE
115 3715 0 WORD
115 3715 0 WORD
111 3715 0 WORD
97 3715 1 NONE
109 3716 1 NONE
116 3717 1 NONE
114 3718 0 WORD
115 3718 1 NONE
101 3719 0 WORD
111 3719 1 WORD
97 3720 1 NONE
111 3721 3 NONE
99 3724 0 WORD
101 3724 0 WORD
101 3724 1 WORD
115 3725 0 WORD
110 3725 0 WORD
105 3725 1 NONE
114 3726 1 NONE
97 3727 1 NONE
101 3728 0 WORD
110 3728 1 NONE
97 3729 1 NONE
110 3730 1 NONE
99 3731 1 NONE
111 3732 1 WORD
111 3733 1 NONE
101 3734 1 WORD
115 3735 0 WORD
101 3735 1 WORD
100 3736 2 WORD
115 3738 1 NONE
105 3739 1 NONE
97 3740 1 NONE
101 3741 2 WORD
117 3743 2 WORD
97 3745 1 NONE
111 3746 1 NONE
101 3747 1 NONE
100 3748 0 WORD
101 3748 0 WORD
97 3748 1 NONE
108 3749 2 NONE
115 3751 0 WORD
108 3751 2 NONE
110 3753 1 NONE
105 3754 1 NONE
101 3755 1 NONE
104 3756 1 NONE
100 3757 1 NONE
116 3758 1 WORD
116 3759 1 NONE
114 3760 0 WORD
115 3760 1 NONE
118 3761 1 NONE
97 3762 2 NONE
99 3764 1 NONE
102 3765 1 NONE
107 3766 1 NONE
228 3767 1 NONE
115 3768 1 NONE
105 3769 2 NONE
101 3771 1 NONE
246 3772 1 NONE
107 3773 0 WORD
97 3773 1 NONE
116 3774 1 NONE
108 3775 1 NONE
110 3776 1 NONE
99 3777 1 NONE
105 3778 1 NONE
97 3779 1 NONE
97 3780 1 NONE
105 3781 1 NONE
101 3782 2 WORD
233 3784 1 WORD
103 3785 1 NONE
105 3786 3 WORD
109 3789 1 NONE
110 3790 1 NONE
115 3791 1 WORD
116 3792 1 WORD
110 3793 1 NONE
114 3794 4 WORD
115 3798 0 WORD
117 3798 2 NONE
122 3800 0 WORD
101 3800 1 NONE
111 3801 1 NONE
110 3802 1 NONE
101 3803 1 WORD
115 3804 0 WORD
115 3804 1 NONE
117 3805 1 NONE
103 3806 0 WORD
233 3806 2 WORD
101 3808 1 NONE
97 3809 1 NONE
114 3810 2 NONE
111 3812 1 NONE
101 3813 1 WORD
111 3814 0 WORD
101 3814 1 WORD
117 3815 1 NONE
99 3816 2 NONE
112 3818 1 NONE
101 3819 1 NONE
109 3820 1 NONE
104 3821 1 NONE
101 3822 1 NONE
110 3823 1 NONE
105 3824 1 NONE
111 3825 0 WORD
115 3825 2 NONE
116 3827 1 NONE
116 3828 0 WORD
105 3828 1 NONE
98 3829 1 NONE
111 3830 1 NONE
105 3831 1 NONE
115 3832 0 WORD
104 3832 1 NONE
99 3833 1 NONE
117 3834 0 WORD
110 3834 1 NONE
104 3835 1 NONE
111 3836 1 NONE
115 3837 1 NONE
99 3838 1 NONE
117 3839 1 NONE
117 3840 1 NONE
104 3841 1 NONE
104 3842 2 NONE
97 3844 1 NONE
117 3845 1 NONE
112 3846 1 NONE
101 3847 0 WORD
110 3847 0 WORD
103 3847 1 NONE
117 3848 1 NONE
108 3849 1 NONE
115 3850 1 NONE
101 3851 1 WORD
233 3852 0 WORD
110 3852 1 NONE
114 3853 2 NONE
115 3855 1 NONE
114 3856 1 WORD
105 3857 3 WORD
108 3860 2 WORD
113 3862 1 NONE
115 3863 0 WORD
109 3863 1 NONE
115 3864 0 WORD
122 3864 0 WORD
101 3864 1 NONE
111 3865 1 NONE
110 3866 2 NONE
100 3868 1 WORD
105 3869 1 NONE
103 3870 1 NONE
97 3871 1 NONE
101 3872 2 NONE
105 3874 1 NONE
115 3875 1 NONE
110 3876 1 NONE
224 3877 1 NONE
109 3878 1 NONE
101 3879 1 NONE
115 3880 1 NONE
116 3881 0 WORD
116 3881 1 WORD
101 3882 1 NONE
97 3883 1 NONE
108 3884 1 WORD
100 3885 0 WORD
101 3885 1 NONE
116 3886 0 WORD
105 3886 1 NONE
111 3887 0 WORD
115 3887 1 NONE
99 3888 1 NONE
108 3889 1 NONE
103 3890 0 WORD
115 3890 1 NONE
115 3891 1 NONE
115 3892 1 NONE
115 3893 0 WORD
111 3893 1 NONE
115 3894 1 NONE
101 3895 0 WORD
110 3895 1 NONE
108 3896 0 WORD
117 3896 1 NONE
115 3897 0 WORD
101 3897 1 NONE
114 3898 1 NONE
116 3899 1 NONE
117 3900 1 NONE
117 3901 1 NONE
99 3902 1 NONE
110 3903 1 NONE
115 3904 1 NONE
114 3905 0 WORD
112 3905 1 NONE
114 3906 0 WORD
97 3906 1 NONE
110 3907 1 NONE
117 3908 1 NONE
117 3909 1 NONE
111 3910 1 NONE
112 3911 1 NONE
115 3912 1 NONE
117 3913 1 NONE
224 3914 1 NONE
104 3915 1 NONE
120 3916 1 NONE
119 3917 1 NONE
99 3918 1 NONE
111 3919 1 NONE
114 3920 1 NONE
97 3921 1 NONE
228 3922 1 NONE
111 3923 1 NONE
102 3924 1 NONE
110 3925 0 WORD
102 3925 0 WORD
102 3925 0 WORD
103 3925 0 WORD
116 3925 1 NONE
103 3926 1 NONE
109 3927 1 NONE
115 3928 1 NONE
101 3929 1 NONE
97 3930 1 NONE
99 3931 1 NONE
100 3932 1 NONE
114 3933 1 NONE
111 3934 1 NONE
101 3935 1 NONE
111 3936 0 WORD
102 3936 1 NONE
116 3937 2 WORD
101 3939 1 NONE
102 3940 1 NONE
112 3941 1 NONE
115 3942 1 NONE
114 3943 0 WORD
105 3943 1 NONE
115 3944 1 NONE
105 3945 1 NONE
104 3946 1 NONE
116 3947 1 NONE
101 3948 1 NONE
115 3949 1 NONE
111 3950 1 NONE
107 3951 1 NONE
105 3952 1 NONE
104 3953 1 NONE
122 3954 1 NONE
101 3955 1 NONE
110 3956 1 NONE
99 3957 1 NONE
110 3958 0 WORD
110 3958 1 NONE
101 3959 1 WORD
97 3960 1 NONE
102 3961 1 NONE
98 3962 0 WORD
114 3962 0 WORD
99 3962 1 NONE
110 3963 1 WORD
101 3964 1 WORD
115 3965 0 WORD
107 3965 1 NONE
109 3966 1 NONE
105 3967 1 NONE
114 3968 1 NONE
98 3969 1 NONE
98 3970 1 NONE
104 3971 1 NONE
98 3972 3 NONE
97 3975 0 WORD
114 3975 1 NONE
117 3976 1 NONE
114 3977 1 NONE
109 3978 1 NONE
101 3979 1 NONE
99 3980 0 WORD
97 3980 1 NONE
109 3981 1 NONE
117 3982 1 NONE
117 3983 1 NONE
246 3984 1 NONE
101 3985 0 WORD
108 3985 1 NONE
117 3986 1 NONE
116 3987 1 NONE
97 3988 1 NONE
117 3989 2 NONE
102 3991 3 NONE
115 3994 0 WORD
110 3994 1 NONE
105 3995 1 NONE
105 3996 1 NONE
108 3997 1 NONE
111 3998 1 NONE
117 3999 3 NONE
117 4002 1 NONE
102 4003 1 NONE
102 4004 1 NONE
107 4005 1 NONE
110 4006 0 WORD
97 4006 1 NONE
97 4007 1 NONE
116 4008 1 NONE
101 4009 1 NONE
101 4010 1 NONE
104 4011 1 NONE
111 4012 0 WORD
97 4012 0 WORD
110 4012 0 WORD
228 4012 1 NONE
100 4013 1 NONE
105 4014 1 NONE
104 4015 1 NONE
233 4016 1 WORD
115 4017 0 WORD
115 4017 0 WORD
101 4017 1 NONE
115 4018 0 WORD
116 4018 0 WORD
101 4018 1 NONE
116 4019 0 WORD
115 4019 2 NONE
101 4021 1 NONE
116 4022 0 WORD
97 4022 2 WORD
101 4024 2 NONE
105 4026 2 NONE
111 4028 1 NONE
97 4029 1 NONE
114 4030 0 WORD
122 4030 0 WORD
110 4030 1 NONE
115 4031 0 WORD
115 4031 0 WORD
108 4031 0 WORD
107 4031 0 WORD
109 4031 1 NONE
115 4032 0 WORD
104 4032 1 NONE
115 4033 1 NONE
108 4034 2 NONE
99 4036 1 NONE
114 4037 1 NONE
103 4038 0 WORD
120 4038 0 WORD
114 4038 1 NONE
115 4039 1 NONE
109 4040 0 WORD
101 4040 2 WORD
105 4042 1 NONE
111 4043 0 WORD
117 4043 1 NONE
109 4044 0 WORD
109 4044 1 NONE
105 4045 1 NONE
111 4046 0 WORD
117 4046 1 NONE
46 4047 1 NONE
101 4048 1 NONE
105 4049 1 NONE
108 4050 1 NONE
97 4051 1 NONE
115 4052 1 NONE
97 4053 1 NONE
101 4054 1 NONE
115 4055 2 NONE
122 4057 3 NONE
115 4060 1 NONE
108 4061 3 NONE
105 4064 1 NONE
108 4065 1 NONE
115 4066 1 WORD
111 4067 1 NONE
114 4068 1 NONE
105 4069 1 NONE
101 4070 0 WORD
115 4070 2 WORD
116 4072 1 NONE
101 4073 1 NONE
115 4074 0 WORD
114 4074 0 WORD
114 4074 0 WORD
108 4074 1 NONE
110 4075 0 WORD
114 4075 0 WORD
108 4075 1 NONE
110 4076 0 WORD
98 4076 1 NONE
117 4077 1 NONE
98 4078 0 WORD
114 4078 1 NONE
97 4079 1 NONE
116 4080 1 NONE
101 4081 0 WORD
97 4081 0 WORD
101 4081 1 NONE
115 4082 0 WORD
105 4082 2 NONE
108 4084 1 WORD
105 4085 1 NONE
115 4086 0 WORD
105 4086 1 NONE
101 4087 0 WORD
115 4087 1 NONE
101 4088 1 WORD
116 4089 1 NONE
114 4090 0 WORD
101 4090 0 WORD
101 4090 1 WORD
101 4091 1 WORD
115 4092 1 NONE
99 4093 1 NONE
117 4094 1 NONE
111 4095 1 NONE
109 4096 0 WORD
101 4096 0 WORD
117 4096 1 NONE
115 4097 0 WORD
111 4097 1 NONE
115 4098 0 WORD
101 4098 1 NONE
99 4099 1 NONE
115 4100 0 WORD
110 4100 1 NONE
116 4101 1 NONE
110 4102 1 WORD
115 4103 1 NONE
101 4104 1 NONE
115 4105 1 NONE
116 4106 1 NONE
112 4107 1 NONE
101 4108 1 NONE
114 4109 1 NONE
115 4110 1 NONE
101 4111 1 WORD
115 4112 0 WORD
116 4112 1 NONE
117 4113 1 NONE
114 4114 1 NONE
115 4115 0 WORD
108 4115 1 NONE
117 4116 1 NONE
115 4117 0 WORD
109 4117 1 NONE
105 4118 1 NONE
100 4119 0 WORD
111 4119 1 NONE
97 4120 1 NONE
105 4121 1 NONE
101 4122 1 WORD
115 4123 1 NONE
101 4124 1 NONE
112 4125 2 NONE
109 4127 2 NONE
101 4129 1 WORD
115 4130 0 WORD
122 4130 1 NONE
103 4131 0 WORD
101 4131 1 NONE
115 4132 1 NONE
104 4133 1 NONE
122 4134 2 NONE
110 4136 1 NONE
104 4137 1 NONE
101 4138 1 NONE
110 4139 1 NONE
109 4140 0 WORD
111 4140 1 NONE
108 4141 1 NONE
97 4142 1 NONE
105 4143 1 NONE
97 4144 1 NONE
103 4145 0 WORD
104 4145 1 NONE
99 4146 1 NONE
105 4147 1 NONE
116 4148 1 NONE
101 4149 1 NONE
119 4150 0 WORD
105 4150 1 NONE
116 4151 1 NONE
114 4152 0 WORD
105 4152 1 NONE
99 4153 1 NONE
101 4154 0 WORD
121 4154 0 WORD
101 4154 0 WORD
115 4154 3 NONE
116 4157 1 NONE
116 4158 1 NONE
98 4159 1 NONE
101 4160 0 WORD
115 4160 1 NONE
234 4161 1 NONE
109 4162 1 NONE
115 4163 0 WORD
116 4163 1 NONE
107 4164 1 NONE
110 4165 1 NONE
102 4166 1 NONE
115 4167 1 NONE
99 4168 1 NONE
116 4169 1 NONE
8217 4170 1 NONE
101 4171 0 WORD
108 4171 1 NONE
114 4172 0 WORD
114 4172 0 WORD
97 4172 1 NONE
101 4173 1 NONE
106 4174 1 NONE
101 4175 1 NONE
114 4176 0 WORD
97 4176 1 NONE
97 4177 0 WORD
101 4177 1 NONE
100 4178 1 NONE
115 4179 1 NONE
101 4180 0 WORD
107 4180 1 NONE
105 4181 1 NONE
101 4182 2 NONE
101 4184 1 WORD
114 4185 1 NONE
117 4186 1 NONE
115 4187 1 NONE
122 4188 1 NONE
101 4189 1 WORD
114 4190 0 WORD
115 4190 0 WORD
117 4190 1 NONE
122 4191 0 WORD
115 4191 1 NONE
122 4192 1 NONE
117 4193 1 NONE
97 4194 1 NONE
101 4195 1 NONE
103 4196 0 WORD
114 4196 1 NONE
97 4197 1 NONE
108 4198 1 NONE
117 4199 1 NONE
101 4200 1 NONE
115 4201 0 WORD
45 4201 1 NONE
110 4202 0 WORD
101 4202 1 NONE
116 4203 1 NONE
101 4204 1 NONE
115 4205 0 WORD
108 4205 0 WORD
117 4205 1 NONE
98 4206 1 NONE
99 4207 1 WORD
117 4208 1 NONE
103 4209 1 NONE
98 4210 1 NONE
110 4211 1 NONE
101 4212 1 NONE
101 4213 1 NONE
110 4214 1 NONE
97 4215 0 WORD
108 4215 0 WORD
115 4215 0 WORD
97 4215 1 NONE
99 4216 1 NONE
109 4217 1 NONE
107 4218 1 NONE
101 4219 1 NONE
97 4220 1 NONE
101 4221 1 NONE
111 4222 1 NONE
114 4223 0 WORD
105 4223 1 NONE
117 4224 1 NONE
112 4225 1 NONE
112 4226 1 NONE
105 4227 1 NONE
111 4228 1 NONE
115 4229 1 NONE
111 4230 1 NONE
116 4231 0 WORD
105 4231 1 NONE
115 4232 0 WORD
107 4232 1 NONE
107 4233 0 WORD
110 4233 0 WORD
114 4233 1 WORD
108 4234 1 NONE
114 4235 1 NONE
114 4236 1 NONE
115 4237 1 NONE
105 4238 1 NONE
105 4239 0 WORD
99 4239 1 NONE
115 4240 1 NONE
101 4241 1 NONE
115 4242 0 WORD
105 4242 1 NONE
101 4243 0 WORD
110 4243 0 WORD
108 4243 2 NONE
105 4245 1 NONE
97 4246 1 NONE
101 4247 1 WORD
233 4248 0 WORD
111 4248 1 NONE
117 4249 1 NONE
109 4250 1 NONE
107 4251 1 NONE
104 4252 1 NONE
116 4253 0 WORD
122 4253 1 NONE
101 4254 1 NONE
105 4255 1 NONE
108 4256 1 NONE
116 4257 1 NONE
101 4258 1 NONE
105 4259 1 NONE
105 4260 1 NONE
97 4261 1 NONE
115 4262 1 NONE
101 4263 1 NONE
117 4264 1 NONE
97 4265 0 WORD
97 4265 0 WORD
114 4265 1 NONE
97 4266 0 WORD
119 4266 1 NONE
115 4267 1 NONE
115 4268 1 NONE
105 4269 1 NONE
105 4270 1 NONE
117 4271 1 NONE
105 4272 1 NONE
100 4273 1 NONE
99 4274 1 NONE
116 4275 1 NONE
105 4276 1 NONE
115 4277 1 NONE
97 4278 1 NONE
105 4279 1 NONE
99 4280 1 NONE
99 4281 1 NONE
99 4282 1 NONE
115 4283 1 NONE
116 4284 1 NONE
97 4285 1 NONE
115 4286 0 WORD
101 4286 1 NONE
101 4287 1 NONE
116 4288 1 NONE
105 4289 1 NONE
115 4290 0 WORD
101 4290 1 WORD
111 4291 1 NONE
103 4292 1 NONE
97 4293 0 WORD
111 4293 1 NONE
115 4294 0 WORD
101 4294 0 WORD
115 4294 0 WORD
115 4294 1 NONE
101 4295 1 NONE
110 4296 0 WORD
103 4296 1 NONE
103 4297 1 NONE
105 4298 1 NONE
115 4299 1 NONE
116 4300 1 NONE
101 4301 1 NONE
101 4302 1 NONE
101 4303 1 NONE
105 4304 1 NONE
110 4305 0 WORD
108 4305 1 NONE
108 4306 1 WORD
108 4307 1 NONE
99 4308 1 NONE
99 4309 1 NONE
119 4310 1 NONE
115 4311 0 WORD
101 4311 0 WORD
105 4311 1 NONE
108 4312 1 WORD
116 4313 1 NONE
114 4314 1 WORD
115 4315 1 NONE
101 4316 0 WORD
99 4316 1 NONE
116 4317 0 WORD
105 4317 1 NONE
101 4318 0 WORD
97 4318 1 NONE
101 4319 0 WORD
101 4319 0 WORD
108 4319 1 NONE
117 4320 1 NONE
105 4321 1 NONE
115 4322 1 NONE
115 4323 0 WORD
115 4323 1 NONE
99 4324 0 WORD
107 4324 0 WORD
113 4324 1 NONE
115 4325 0 WORD
115 4325 0 WORD
105 4325 1 NONE
108 4326 1 NONE
101 4327 0 WORD
100 4327 0 WORD
103 4327 0 WORD
107 4327 1 NONE
115 4328 0 WORD
118 4328 1 NONE
115 4329 0 WORD
115 4329 0 WORD
101 4329 1 WORD
115 4330 0 WORD
101 4330 1 WORD
101 4331 1 WORD
115 4332 1 NONE
109 4333 1 NONE
115 4334 0 WORD
101 4334 1 WORD
115 4335 0 WORD
98 4335 1 NONE
99 4336 1 NONE
97 4337 1 NONE
109 4338 1 NONE
97 4339 1 NONE
101 4340 1 WORD
105 4341 1 NONE
109 4342 1 NONE
103 4343 1 NONE
110 4344 1 NONE
120 4345 0 WORD
108 4345 1 NONE
115 4346 1 NONE
115 4347 0 WORD
114 4347 1 NONE
118 4348 1 NONE
97 4349 1 NONE
99 4350 1 NONE
117 4351 0 WORD
104 4351 1 NONE
111 4352 1 NONE
101 4353 1 NONE
117 4354 1 NONE
114 4355 1 NONE
99 4356 1 NONE
107 4357 1 NONE
102 4358 1 NONE
103 4359 1 NONE
109 4360 1 NONE
105 4361 1 NONE
108 4362 0 WORD
110 4362 0 WORD
107 4362 1 NONE
99 4363 1 NONE
116 4364 1 NONE
116 4365 2 WORD
101 4367 1 NONE
114 4368 0 WORD
117 4368 2 NONE
101 4370 1 WORD
101 4371 1 WORD
101 4372 1 NONE
115 4373 0 WORD
116 4373 0 WORD
101 4373 1 NONE
116 4374 0 WORD
115 4374 2 NONE
101 4376 1 NONE
116 4377 0 WORD
97 4377 2 WORD
101 4379 2 NONE
105 4381 2 NONE
111 4383 1 NONE
114 4384 1 WORD
115 4385 1 NONE
122 4386 0 WORD
110 4386 1 NONE
115 4387 0 WORD
115 4387 0 WORD
117 4387 1 NONE
110 4388 1 NONE
101 4389 1 WORD
115 4390 0 WORD
114 4390 0 WORD
109 4390 1 NONE
101 4391 1 NONE
116 4392 0 WORD
110 4392 0 WORD
115 4392 0 WORD
115 4392 0 WORD
110 4392 0 WORD
105 4392 1 NONE
117 4393 1 NONE
101 4394 1 NONE
99 4395 1 NONE
111 4396 1 NONE
105 4397 1 NONE
116 4398 1 NONE
115 4399 1 NONE
101 4400 1 NONE
109 4401 1 NONE
116 4402 2 WORD
101 4404 0 WORD
99 4404 1 NONE
117 4405 1 NONE
110 4406 0 WORD
111 4406 1 WORD
115 4407 1 NONE
107 4408 0 WORD
115 4408 1 NONE
108 4409 1 NONE
115 4410 1 NONE
105 4411 1 NONE
104 4412 0 WORD
115 4412 0 WORD
115 4412 1 NONE
110 4413 1 NONE
108 4414 2 NONE
110 4416 1 NONE
112 4417 1 NONE
116 4418 1 NONE
117 4419 1 NONE
97 4420 1 NONE
101 4421 1 NONE
101 4422 1 NONE
97 4423 1 NONE
114 4424 0 WORD
101 4424 1 WORD
100 4425 1 NONE
115 4426 0 WORD
101 4426 1 WORD
115 4427 0 WORD
101 4427 1 NONE
115 4428 0 WORD
116 4428 0 WORD
101 4428 1 WORD
115 4429 0 WORD
117 4429 1 NONE
101 4430 1 NONE
122 4431 0 WORD
110 4431 1 NONE
115 4432 0 WORD
116 4432 0 WORD
115 4432 0 WORD
112 4432 1 NONE
103 4433 1 NONE
99 4434 1 NONE
110 4435 0 WORD
114 4435 1 NONE
116 4436 0 WORD
116 4436 1 NONE
103 4437 0 ANY
98 4437 1 NONE
101 4438 1 NONE
110 4439 0 WORD
116 4439 0 WORD
101 4439 1 NONE
114 4440 1 NONE
109 4441 1 NONE
105 4442 3 NONE
114 4445 1 NONE
110 4446 1 NONE
116 4447 0 WORD
104 4447 1 NONE
115 4448 0 WORD
104 4448 1 NONE
101 4449 1 NONE
101 4450 3 NONE
108 4453 1 NONE
115 4454 1 NONE
101 4455 1 WORD
120 4456 0 WORD
115 4456 1 NONE
101 4457 1 NONE
114 4458 1 NONE
109 4459 1 NONE
114 4460 1 NONE
104 4461 0 WORD
100 4461 1 NONE
102 4462 1 NONE
117 4463 1 NONE
99 4464 1 NONE
121 4465 0 WORD
115 4465 1 NONE
115 4466 1 NONE
117 4467 1 NONE
111 4468 1 NONE
117 4469 1 NONE
114 4470 1 NONE
104 4471 1 NONE
111 4472 1 NONE
117 4473 2 NONE
101 4475 1 NONE
104 4476 1 NONE
99 4477 1 NONE
101 4478 1 NONE
117 4479 1 NONE
117 4480 1 NONE
104 4481 1 NONE
105 4482 1 NONE
97 4483 1 NONE
111 4484 1 NONE
97 4485 1 NONE
116 4486 1 NONE
110 4487 1 NONE
117 4488 0 WORD
104 4488 1 NONE
111 4489 0 WORD
110 4489 1 NONE
115 4490 1 NONE
99 4491 1 NONE
101 4492 1 NONE
101 4493 1 NONE
105 4494 1 NONE
114 4495 2 NONE
105 4497 1 NONE
111 4498 1 NONE
99 4499 1 NONE
115 4500 0 WORD
101 4500 0 WORD
115 4500 1 NONE
105 4501 1 NONE
105 4502 1 NONE
114 4503 2 NONE
115 4505 1 NONE
99 4506 1 NONE
108 4507 1 NONE
110 4508 1 NONE
101 4509 0 WORD
110 4509 1 NONE
110 4510 1 NONE
116 4511 1 WORD
104 4512 0 WORD
110 4512 1 NONE
115 4513 0 WORD
107 4513 1 NONE
114 4514 1 NONE
108 4515 1 NONE
115 4516 0 WORD
115 4516 0 WORD
101 4516 1 NONE
101 4517 1 NONE
115 4518 2 NONE
98 4520 1 NONE
97 4521 2 NONE
97 4523 2 NONE
111 4525 1 NONE
97 4526 2 NONE
101 4528 1 WORD
105 4529 1 NONE
109 4530 1 NONE
114 4531 1 NONE
109 4532 1 NONE
101 4533 1 NONE
99 4534 1 NONE
109 4535 1 NONE
112 4536 1 NONE
115 4537 1 NONE
97 4538 2 NONE
115 4540 1 NONE
108 4541 0 WORD
100 4541 2 WORD
97 4543 1 NONE
104 4544 1 NONE
99 4545 1 NONE
107 4546 3 NONE
99 4549 1 NONE
111 4550 1 NONE
117 4551 3 NONE
105 4554 0 WORD
110 4554 1 NONE
110 4555 1 NONE
105 4556 1 NONE
99 4557 1 NONE
99 4558 1 NONE
103 4559 1 NONE
107 4560 3 NONE
99 4563 1 NONE
117 4564 1 NONE
105 4565 1 NONE
114 4566 1 NONE
102 4567 1 NONE
108 4568 1 NONE
114 4569 1 NONE
105 4570 1 NONE
107 4571 1 NONE
119 4572 1 NONE
108 4573 1 NONE
101 4574 1 WORD
108 4575 1 WORD
105 4576 1 NONE
115 4577 0 WORD
110 4577 1 NONE
115 4578 0 WORD
101 4578 2 WORD
105 4580 2 NONE
115 4582 0 WORD
105 4582 3 WORD
115 4585 0 WORD
110 4585 1 NONE
122 4586 0 WORD
101 4586 1 NONE
111 4587 1 NONE
110 4588 2 NONE
109 4590 1 NONE
115 4591 0 WORD
97 4591 1 NONE
105 4592 1 NONE
101 4593 1 WORD
101 4594 1 WORD
111 4595 1 NONE
104 4596 1 NONE
101 4597 1 NONE
107 4598 1 NONE
103 4599 1 NONE
110 4600 0 WORD
115 4600 0 WORD
113 4600 1 NONE
115 4601 0 WORD
111 4601 0 WORD
97 4601 0 WORD
101 4601 0 WORD
108 4601 1 NONE
110 4602 1 NONE
110 4603 3 WORD
97 4606 1 NONE
98 4607 1 NONE
104 4608 1 NONE
114 4609 0 WORD
114 4609 0 WORD
97 4609 1 NONE
101 4610 4 WORD
97 4614 1 NONE
101 4615 5 WORD
111 4620 1 NONE
116 4621 1 NONE
101 4622 0 WORD
105 4622 1 NONE
111 4623 0 WORD
108 4623 2 NONE
111 4625 0 WORD
115 4625 1 NONE
119 4626 1 WORD
101 4627 1 NONE
110 4628 1 NONE
101 4629 1 WORD
105 4630 1 NONE
105 4631 0 WORD
108 4631 1 NONE
117 4632 1 NONE
107 4633 1 NONE
105 4634 1 NONE
98 4635 1 NONE
97 4636 1 NONE
115 4637 1 NONE
117 4638 2 NONE
105 4640 1 NONE
101 4641 1 NONE
232 4642 1 NONE
101 4643 2 NONE
108 4645 2 WORD
108 4647 2 NONE
116 4649 2 NONE
115 4651 0 WORD
116 4651 1 NONE
115 4652 0 WORD
115 4652 0 WORD
99 4652 1 NONE
104 4653 0 WORD
111 4653 1 NONE
110 4654 1 WORD
115 4655 1 NONE
117 4656 1 NONE
120 4657 1 NONE
104 4658 1 NONE
111 4659 1 NONE
101 4660 1 WORD
115 4661 0 WORD
101 4661 1 NONE
110 4662 0 WORD
105 4662 1 NONE
116 4663 1 NONE
112 4664 1 NONE
114 4665 1 NONE
100 4666 1 NONE
111 4667 1 WORD
115 4668 0 WORD
101 4668 0 WORD
116 4668 1 NONE
105 4669 1 NONE
97 4670 1 NONE
101 4671 0 WORD
97 4671 1 NONE
110 4672 0 WORD
103 4672 1 NONE
97 4673 1 NONE
112 4674 1 NONE
110 4675 1 NONE
101 4676 2 WORD
114 4678 1 NONE
101 4679 1 WORD
105 4680 1 NONE
102 4681 1 NONE
115 4682 1 NONE
115 4683 0 WORD
97 4683 1 NONE
108 4684 1 NONE
116 4685 1 NONE
107 4686 2 NONE
108 4688 2 NONE
114 4690 1 NONE
101 4691 1 NONE
116 4692 1 NONE
116 4693 1 NONE
103 4694 0 WORD
110 4694 1 NONE
101 4695 1 NONE
115 4696 1 NONE
111 4697 1 NONE
108 4698 0 WORD
105 4698 1 NONE
104 4699 1 NONE
101 4700 0 WORD
121 4700 0 WORD
110 4700 0 WORD
116 4700 1 NONE
99 4701 1 NONE
108 4702 0 WORD
97 4702 0 WORD
101 4702 1 NONE
116 4703 1 WORD
233 4704 0 WORD
101 4704 1 WORD
101 4705 3 NONE
105 4708 1 NONE
105 4709 1 NONE
116 4710 1 NONE
97 4711 1 NONE
116 4712 1 NONE
101 4713 1 NONE
104 4714 1 NONE
111 4715 1 NONE
99 4716 1 NONE
105 4717 1 NONE
101 4718 1 NONE
115 4719 1 NONE
108 4720 1 NONE
116 4721 1 NONE
114 4722 0 WORD
117 4722 1 NONE
104 4723 1 NONE
102 4724 1 NONE
115 4725 1 NONE
101 4726 1 NONE
100 4727 1 NONE
97 4728 0 WORD
111 4728 1 NONE
102 4729 1 NONE
115 4730 1 NONE
103 4731 1 NONE
117 4732 1 NONE
114 4733 1 NONE
101 4734 1 WORD
101 4735 1 WORD
115 4736 0 WORD
115 4736 1 NONE
101 4737 0 WORD
101 4737 0 WORD
120 4737 1 NONE
117 4738 1 NONE
114 4739 1 NONE
111 4740 1 NONE
108 4741 0 WORD
101 4741 0 WORD
108 4741 1 NONE
110 4742 0 WORD
99 4742 1 NONE
120 4743 1 NONE
105 4744 1 WORD
114 4745 0 WORD
99 4745 1 NONE
97 4746 1 NONE
117 4747 1 NONE
99 4748 1 NONE
111 4749 1 NONE
105 4750 1 NONE
339 4751 1 NONE
110 4752 1 NONE
110 4753 1 NONE
100 4754 1 NONE
110 4755 1 NONE
104 4756 2 NONE
116 4758 0 WORD
116 4758 1 WORD
110 4759 0 WORD
108 4759 1 NONE
116 4760 0 WORD
114 4760 1 WORD
116 4761 1 NONE
115 4762 1 NONE
112 4763 1 WORD
105 4764 1 NONE
111 4765 1 NONE
115 4766 1 NONE
115 4767 1 NONE
116 4768 1 NONE
115 4769 1 NONE
111 4770 1 NONE
101 4771 1 NONE
101 4772 1 NONE
111 4773 1 NONE
105 4774 1 NONE
116 4775 0 WORD
100 4775 1 NONE
107 4776 0 WORD
99 4776 1 NONE
114 4777 0 WORD
100 4777 1 NONE
101 4778 0 WORD
105 4778 1 NONE
115 4779 2 NONE
116 4781 1 NONE
114 4782 0 WORD
110 4782 0 WORD
101 4782 0 WORD
101 4782 0 WORD
116 4782 0 WORD
115 4782 1 NONE
101 4783 1 NONE
110 4784 0 WORD
116 4784 1 NONE
108 4785 1 NONE
108 4786 1 NONE
102 4787 1 NONE
116 4788 1 NONE
116 4789 1 NONE
109 4790 1 NONE
99 4791 1 NONE
105 4792 1 NONE
115 4793 0 WORD
97 4793 0 WORD
105 4793 1 NONE
116 4794 1 NONE
119 4795 1 NONE
116 4796 1 WORD
116 4797 1 NONE
115 4798 0 WORD
100 4798 0 WORD
111 4798 0 WORD
107 4798 1 WORD
122 4799 1 NONE
103 4800 1 NONE
105 4801 1 NONE
109 4802 1 NONE
101 4803 1 NONE
107 4804 1 NONE
104 4805 0 WORD
104 4805 1 NONE
101 4806 0 WORD
122 4806 1 NONE
108 4807 1 NONE
121 4808 0 WORD
114 4808 0 WORD
122 4808 0 WORD
116 4808 1 NONE
115 4809 0 WORD
109 4809 1 NONE
117 4810 1 NONE
114 4811 1 NONE
101 4812 1 WORD
101 4813 1 NONE
101 4814 1 NONE
101 4815 1 NONE
116 4816 1 NONE
101 4817 1 NONE
101 4818 0 WORD
108 4818 1 WORD
110 4819 0 WORD
110 4819 0 WORD
110 4819 0 WORD
105 4819 1 NONE
115 4820 0 WORD
101 4820 0 WORD
104 4820 0 WORD
104 4820 1 NONE
105 4821 1 NONE
110 4822 1 NONE
101 4823 0 WORD
101 4823 1 WORD
115 4824 0 WORD
101 4824 1 WORD
104 4825 1 NONE
111 4826 1 NONE
116 4827 1 NONE
103 4828 1 NONE
110 4829 1 NONE
111 4830 1 NONE
101 4831 1 WORD
115 4832 1 NONE
117 4833 1 NONE
115 4834 0 WORD
107 4834 0 WORD
101 4834 1 NONE
101 4835 1 NONE
115 4836 0 WORD
115 4836 0 WORD
115 4836 0 WORD
115 4836 1 NONE
111 4837 1 NONE
115 4838 0 WORD
121 4838 0 WORD
97 4838 1 NONE
100 4839 0 WORD
109 4839 1 NONE
116 4840 0 WORD
115 4840 0 WORD
110 4840 1 NONE
101 4841 1 NONE
117 4842 1 NONE
103 4843 1 NONE
97 4844 1 NONE
116 4845 1 NONE
105 4846 1 NONE
97 4847 1 NONE
103 4848 1 NONE
107 4849 0 WORD
119 4849 1 NONE
116 4850 1 NONE
114 4851 1 NONE
101 4852 0 WORD
101 4852 1 NONE
107 4853 1 NONE
107 4854 1 NONE
105 4855 1 NONE
101 4856 1 NONE
112 4857 1 NONE
111 4858 1 NONE
101 4859 1 NONE
107 4860 1 NONE
101 4861 0 WORD
101 4861 0 WORD
105 4861 1 NONE
114 4862 2 NONE
114 4864 1 WORD
115 4865 1 NONE
115 4866 0 WORD
115 4866 0 WORD
110 4866 1 NONE
115 4867 0 WORD
101 4867 2 WORD
105 4869 2 NONE
115 4871 0 WORD
105 4871 3 WORD
115 4874 0 WORD
110 4874 1 NONE
122 4875 0 WORD
101 4875 1 NONE
111 4876 1 NONE
110 4877 2 NONE
115 4879 0 WORD
101 4879 1 WORD
115 4880 0 WORD
110 4880 1 NONE
103 4881 0 WORD
115 4881 0 WORD
98 4881 1 NONE
110 4882 0 WORD
116 4882 1 NONE
108 4883 0 WORD
116 4883 0 WORD
105 4883 1 NONE
110 4884 1 NONE
101 4885 1 NONE
97 4886 1 NONE
111 4887 1 NONE
114 4888 0 WORD
117 4888 1 NONE
101 4889 1 NONE
105 4890 1 NONE
107 4891 0 WORD
114 4891 1 NONE
110 4892 1 WORD
101 4893 1 NONE
116 4894 0 WORD
101 4894 1 NONE
99 4895 1 NONE
99 4896 1 NONE
99 4897 1 NONE
101 4898 0 WORD
97 4898 1 NONE
105 4899 1 NONE
105 4900 1 NONE
117 4901 1 NONE
101 4902 0 WORD
116 4902 1 NONE
110 4903 1 NONE
114 4904 0 WORD
99 4904 1 NONE
102 4905 1 NONE
115 4906 0 WORD
101 4906 1 NONE
115 4907 0 WORD
110 4907 1 NONE
115 4908 0 WORD
101 4908 1 WORD
110 4909 1 NONE
115 4910 0 WORD
102 4910 1 NONE
101 4911 1 NONE
107 4912 1 NONE
101 4913 1 NONE
101 4914 1 NONE
105 4915 1 NONE
114 4916 0 WORD
114 4916 0 WORD
116 4916 0 WORD
112 4916 1 NONE
97 4917 0 WORD
101 4917 1 NONE
117 4918 1 NONE
116 4919 0 WORD
103 4919 0 WORD
101 4919 1 NONE
111 4920 1 NONE
115 4921 1 NONE
112 4922 1 NONE
115 4923 3 NONE
224 4926 1 NONE
108 4927 1 NONE
101 4928 0 WORD
115 4928 0 WORD
115 4928 1 NONE
117 4929 1 NONE
105 4930 1 NONE
115 4931 1 NONE
101 4932 1 NONE
103 4933 1 NONE
97 4934 1 NONE
116 4935 1 NONE
107 4936 0 WORD
116 4936 1 ANY
116 4937 0 WORD
114 4937 1 NONE
117 4938 1 NONE
114 4939 1 NONE
104 4940 1 NONE
111 4941 1 NONE
109 4942 1 NONE
97 4943 1 NONE
101 4944 1 NONE
115 4945 1 NONE
101 4946 1 NONE
107 4947 0 WORD
99 4947 1 NONE
115 4948 0 WORD
115 4948 1 NONE
110 4949 0 WORD
99 4949 1 NONE
108 4950 1 NONE
101 4951 1 NONE
110 4952 1 NONE
97 4953 1 NONE
103 4954 1 NONE
119 4955 1 NONE
101 4956 0 WORD
99 4956 1 NONE
104 4957 1 NONE
108 4958 1 NONE
110 4959 0 WORD
111 4959 1 NONE
101 4960 1 NONE
116 4961 1 NONE
99 4962 1 NONE
114 4963 1 NONE
104 4964 1 NONE
116 4965 1 NONE
108 4966 2 WORD
111 4968 1 NONE
101 4969 1 NONE
116 4970 0 WORD
101 4970 1 NONE
107 4971 1 NONE
97 4972 1 NONE
103 4973 1 NONE
97 4974 1 NONE
108 4975 1 NONE
115 4976 0 WORD
101 4976 1 WORD
101 4977 0 WORD
105 4977 1 NONE
111 4978 1 NONE
103 4979 1 NONE
114 4980 1 NONE
109 4981 1 NONE
116 4982 1 WORD
97 4983 1 NONE
105 4984 1 NONE
116 4985 1 NONE
105 4986 1 NONE
116 4987 1 WORD
110 4988 1 NONE
114 4989 0 WORD
116 4989 2 NONE
114 4991 0 WORD
101 4991 1 NONE
101 4992 1 NONE
109 4993 1 NONE
101 4994 1 NONE
99 4995 0 WORD
115 4995 0 WORD
112 4995 1 NONE
102 4996 0 WORD
101 4996 0 WORD
108 4996 0 WORD
116 4996 1 NONE
101 4997 0 WORD
101 4997 1 WORD
115 4998 0 WORD
105 4998 1 NONE
113 4999 1 NONE
107 5000 2 NONE
101 5002 1 NONE
107 5003 2 NONE
114 5005 0 WORD
107 5005 1 NONE
99 5006 1 NONE
99 5007 1 NONE
107 5008 2 NONE
117 5010 1 NONE
105 5011 0 WORD
105 5011 0 WORD
110 5011 1 NONE
107 5012 1 NONE
107 5013 2 NONE
103 5015 1 NONE
97 5016 1 NONE
101 5017 1 NONE
107 5018 2 NONE
107 5020 1 NONE
99 5021 1 NONE
99 5022 1 NONE
101 5023 1 NONE
116 5024 0 WORD
115 5024 1 NONE
97 5025 1 NONE
108 5026 0 WORD
116 5026 0 WORD
101 5026 1 NONE
100 5027 1 NONE
115 5028 0 WORD
105 5028 1 NONE
108 5029 2 WORD
116 5031 0 WORD
110 5031 1 NONE
115 5032 0 WORD
101 5032 1 NONE
111 5033 1 NONE
101 5034 1 NONE
115 5035 0 WORD
116 5035 0 WORD
116 5035 0 WORD
122 5035 0 WORD
110 5035 1 NONE
115 5036 0 WORD
116 5036 0 WORD
232 5036 1 NONE
110 5037 2 WORD
108 5039 2 NONE
115 5041 0 WORD
115 5041 0 WORD
110 5041 2 WORD
111 5043 0 WORD
110 5043 0 WORD
101 5043 1 NONE
233 5044 1 NONE
117 5045 1 NONE
97 5046 1 NONE
108 5047 1 NONE
45 5048 1 NONE
104 5049 1 NONE
108 5050 1 NONE
100 5051 1 NONE
105 5052 1 NONE
108 5053 1 NONE
114 5054 1 NONE
110 5055 1 NONE
114 5056 0 WORD
115 5056 0 WORD
117 5056 2 NONE
114 5058 1 NONE
110 5059 1 NONE
114 5060 0 WORD
115 5060 0 WORD
117 5060 1 NONE
122 5061 0 WORD
110 5061 1 NONE
97 5062 0 WORD
101 5062 0 WORD
101 5062 0 WORD
105 5062 1 NONE
115 5063 0 WORD
115 5063 0 WORD
97 5063 1 NONE
103 5064 0 WORD
114 5064 0 WORD
111 5064 1 NONE
110 5065 0 WORD
116 5065 1 NONE
101 5066 1 WORD
101 5067 1 NONE
105 5068 1 NONE
112 5069 1 NONE
115 5070 1 NONE
116 5071 1 NONE
233 5072 1 WORD
114 5073 2 NONE
114 5075 1 WORD
114 5076 1 NONE
110 5077 0 WORD
114 5077 0 WORD
101 5077 2 NONE
105 5079 1 NONE
101 5080 1 WORD
105 5081 1 NONE
101 5082 1 WORD
105 5083 2 NONE
101 5085 0 WORD
104 5085 1 NONE
117 5086 1 NONE
115 5087 0 WORD
101 5087 1 NONE
116 5088 1 NONE
101 5089 0 WORD
101 5089 1 NONE
108 5090 2 NONE
115 5092 0 WORD
110 5092 0 WORD
99 5092 1 NONE
101 5093 0 WORD
101 5093 0 WORD
100 5093 1 NONE
101 5094 0 WORD
99 5094 1 NONE
101 5095 1 NONE
101 5096 1 WORD
112 5097 1 NONE
117 5098 1 NONE
105 5099 1 NONE
114 5100 1 WORD
112 5101 1 NONE
115 5102 1 NONE
110 5103 0 WORD
114 5103 0 WORD
115 5103 1 NONE
110 5104 0 WORD
103 5104 0 WORD
111 5104 1 NONE
99 5105 1 NONE
117 5106 1 NONE
110 5107 0 WORD
97 5107 1 NONE
111 5108 1 NONE
246 5109 1 NONE
111 5110 1 NONE
117 5111 1 NONE
105 5112 1 NONE
112 5113 1 NONE
101 5114 1 NONE
116 5115 1 NONE
101 5116 1 NONE
114 5117 0 WORD
99 5117 1 NONE
110 5118 0 WORD
110 5118 1 NONE
105 5119 1 NONE
233 5120 0 WORD
104 5120 1 WORD
114 5121 0 WORD
101 5121 1 NONE
115 5122 0 WORD
45 5122 1 NONE
46 5123 1 NONE
110 5124 1 NONE
116 5125 1 NONE
111 5126 1 NONE
101 5127 1 NONE
116 5128 1 WORD
105 5129 1 NONE
114 5130 0 WORD
105 5130 1 NONE
116 5131 1 NONE
104 5132 1 NONE
100 5133 1 NONE
114 5134 0 WORD
114 5134 1 NONE
99 5135 1 NONE
101 5136 1 NONE
110 5137 1 NONE
114 5138 0 WORD
116 5138 0 WORD
98 5138 1 NONE
98 5139 1 NONE
101 5140 1 NONE
110 5141 1 NONE
111 5142 1 NONE
112 5143 1 NONE
233 5144 1 NONE
110 5145 1 NONE
100 5146 1 NONE
115 5147 0 WORD
115 5147 0 WORD
101 5147 1 WORD
112 5148 1 NONE
120 5149 1 NONE
100 5150 1 NONE
99 5151 1 NONE
101 5152 1 WORD
117 5153 1 NONE
117 5154 1 NONE
115 5155 0 WORD
104 5155 1 NONE
108 5156 1 NONE
108 5157 0 WORD
117 5157 1 NONE
110 5158 1 NONE
116 5159 1 NONE
117 5160 1 NONE
339 5161 1 NONE
115 5162 1 NONE
97 5163 0 WORD
111 5163 1 NONE
101 5164 1 NONE
116 5165 0 WORD
101 5165 0 WORD
116 5165 1 NONE
101 5166 1 NONE
233 5167 0 WORD
105 5167 1 NONE
101 5168 1 NONE
115 5169 1 NONE
116 5170 0 WORD
116 5170 1 NONE
101 5171 1 NONE
116 5172 1 NONE
109 5173 1 NONE
112 5174 1 NONE
105 5175 0 WORD
99 5175 1 NONE
115 5176 1 NONE
110 5177 1 NONE
101 5178 0 WORD
104 5178 0 WORD
233 5178 1 NONE
101 5179 0 WORD
109 5179 1 NONE
116 5180 1 NONE
105 5181 1 NONE
116 5182 0 WORD
110 5182 0 WORD
101 5182 1 NONE
101 5183 1 NONE
101 5184 1 NONE
117 5185 1 NONE
108 5186 1 NONE
108 5187 1 NONE
112 5188 1 NONE
104 5189 0 WORD
110 5189 0 WORD
105 5189 0 WORD
101 5189 0 WORD
97 5189 1 NONE
105 5190 1 NONE
101 5191 0 WORD
101 5191 2 NONE
101 5193 0 WORD
101 5193 1 WORD
99 5194 1 NONE
112 5195 1 NONE
99 5196 1 NONE
101 5197 2 NONE
101 5199 1 NONE
101 5200 0 WORD
116 5200 1 NONE
122 5201 0 WORD
101 5201 1 WORD
101 5202 0 WORD
102 5202 0 WORD
115 5202 0 WORD
110 5202 0 WORD
110 5202 0 WORD
110 5202 0 WORD
233 5202 0 WORD
114 5202 0 WORD
115 5202 0 WORD
116 5202 1 NONE
101 5203 0 WORD
115 5203 1 NONE
115 5204 1 NONE
115 5205 0 WORD
115 5205 0 WORD
119 5205 1 NONE
110 5206 0 WORD
101 5206 0 WORD
97 5206 1 NONE
99 5207 1 NONE
110 5208 0 WORD
115 5208 0 WORD
101 5208 1 WORD
101 5209 1 WORD
114 5210 0 WORD
114 5210 1 NONE
101 5211 0 WORD
108 5211 1 NONE
105 5212 1 NONE
233 5213 1 NONE
101 5214 1 NONE
116 5215 1 NONE
115 5216 0 WORD
117 5216 1 NONE
110 5217 1 NONE
114 5218 1 NONE
120 5219 0 WORD
103 5219 1 NONE
105 5220 1 NONE
101 5221 1 NONE
122 5222 1 NONE
108 5223 1 WORD
105 5224 1 NONE
101 5225 1 NONE
101 5226 1 NONE
99 5227 1 NONE
108 5228 1 NONE
101 5229 0 WORD
110 5229 0 WORD
114 5229 0 WORD
101 5229 1 NONE
111 5230 1 NONE
101 5231 1 WORD
116 5232 1 WORD
115 5233 0 WORD
101 5233 1 WORD
116 5234 0 WORD
110 5234 1 NONE
115 5235 0 WORD
101 5235 1 NONE
111 5236 1 NONE
101 5237 1 NONE
115 5238 0 WORD
116 5238 0 WORD
116 5238 0 WORD
122 5238 0 WORD
110 5238 1 NONE
115 5239 0 WORD
116 5239 0 WORD
115 5239 0 WORD
103 5239 0 WORD
101 5239 0 WORD
114 5239 1 NONE
116 5240 1 NONE
115 5241 1 NONE
114 5242 0 WORD
112 5242 1 NONE
105 5243 1 NONE
115 5244 0 WORD
110 5244 0 WORD
115 5244 1 NONE
116 5245 0 WORD
115 5245 0 WORD
120 5245 0 WORD
114 5245 0 WORD
104 5245 0 WORD
104 5245 1 NONE
104 5246 1 NONE
109 5247 1 NONE
116 5248 1 NONE
116 5249 1 NONE
116 5250 1 NONE
101 5251 0 WORD
116 5251 2 WORD
107 5253 1 NONE
116 5254 0 WORD
109 5254 1 NONE
116 5255 0 WORD
115 5255 0 WORD
116 5255 0 WORD
101 5255 1 NONE
114 5256 1 NONE
101 5257 1 NONE
110 5258 0 WORD
114 5258 0 ANY
116 5258 1 NONE
117 5259 1 NONE
110 5260 0 WORD
115 5260 0 WORD
116 5260 1 WORD
119 5261 1 NONE
117 5262 1 NONE
111 5263 1 NONE
112 5264 1 NONE
115 5265 1 NONE
224 5266 1 NONE
103 5267 1 NONE
111 5268 1 NONE
101 5269 0 WORD
122 5269 0 WORD
99 5269 1 NONE
101 5270 1 NONE
110 5271 0 WORD
97 5271 1 NONE
114 5272 1 NONE
105 5273 1 NONE
101 5274 0 WORD
104 5274 1 NONE
114 5275 1 NONE
104 5276 1 NONE
111 5277 1 NONE
109 5278 1 NONE
109 5279 1 NONE
108 5280 1 NONE
108 5281 1 WORD
115 5282 1 NONE
105 5283 1 NONE
107 5284 0 WORD
101 5284 1 NONE
107 5285 1 NONE
105 5286 1 NONE
98 5287 1 NONE
103 5288 1 NONE
108 5289 2 NONE
101 5291 1 NONE
101 5292 1 NONE
104 5293 0 WORD
116 5293 0 WORD
102 5293 1 NONE
110 5294 0 WORD
110 5294 0 WORD
101 5294 0 WORD
107 5294 1 NONE
110 5295 1 NONE
228 5296 1 NONE
101 5297 1 NONE
101 5298 1 NONE
105 5299 1 NONE
110 5300 0 WORD
110 5300 0 WORD
114 5300 0 WORD
101 5300 1 NONE
110 5301 0 WORD
117 5301 1 NONE
115 5302 1 NONE
97 5303 1 NONE
115 5304 0 WORD
101 5304 1 NONE
115 5305 1 NONE
114 5306 1 NONE
100 5307 1 NONE
101 5308 0 WORD
101 5308 0 WORD
105 5308 1 NONE
116 5309 0 WORD
101 5309 0 WORD
116 5309 1 NONE
101 5310 1 WORD
103 5311 0 WORD
101 5311 1 WORD
105 5312 1 NONE
114 5313 1 NONE
99 5314 0 WORD
101 5314 1 NONE
99 5315 1 NONE
102 5316 0 WORD
105 5316 1 NONE
115 5317 0 WORD
114 5317 1 NONE
101 5318 1 NONE
97 5319 0 WORD
101 5319 1 NONE
114 5320 0 WORD
97 5320 1 NONE
101 5321 1 NONE
101 5322 1 NONE
107 5323 1 NONE
107 5324 2 WORD
101 5326 1 NONE
107 5327 2 NONE
99 5329 1 NONE
105 5330 0 WORD
97 5330 0 WORD
97 5330 0 WORD
101 5330 1 NONE
97 5331 0 WORD
104 5331 0 WORD
114 5331 0 WORD
97 5331 1 NONE
101 5332 1 NONE
97 5333 0 WORD
107 5333 1 NONE
107 5334 1 NONE
117 5335 1 NONE
111 5336 1 NONE
116 5337 1 NONE
105 5338 1 NONE
101 5339 1 NONE
101 5340 0 WORD
101 5340 0 WORD
105 5340 1 NONE
116 5341 0 WORD
122 5341 0 WORD
110 5341 1 NONE
110 5342 1 NONE
115 5343 0 WORD
114 5343 1 NONE
101 5344 2 WORD
105 5346 1 NONE
101 5347 1 WORD
105 5348 1 NONE
110 5349 1 NONE
115 5350 0 WORD
104 5350 1 NONE
110 5351 1 NONE
101 5352 0 WORD
100 5352 1 NONE
97 5353 1 NONE
108 5354 1 NONE
105 5355 1 NONE
97 5356 1 NONE
101 5357 1 NONE
110 5358 1 NONE
97 5359 1 NONE
100 5360 0 WORD
116 5360 0 WORD
114 5360 0 WORD
115 5360 1 NONE
100 5361 2 WORD
116 5363 0 WORD
114 5363 1 WORD
115 5364 0 WORD
101 5364 0 WORD
116 5364 1 NONE
110 5365 0 WORD
115 5365 1 NONE
110 5366 0 WORD
110 5366 0 WORD
101 5366 1 NONE
104 5367 1 NONE
101 5368 1 WORD
97 5369 0 WORD
101 5369 0 WORD
97 5369 0 WORD
111 5369 0 WORD
115 5369 0 WORD
101 5369 1 WORD
110 5370 0 WORD
114 5370 0 WORD
101 5370 0 WORD
115 5370 0 WORD
101 5370 0 WORD
115 5370 0 WORD
101 5370 1 WORD
113 5371 1 NONE
97 5372 1 NONE
232 5373 1 NONE
120 5374 1 NONE
114 5375 1 NONE
108 5376 2 WORD
101 5378 1 WORD
108 5379 1 NONE
104 5380 1 NONE
101 5381 0 WORD
104 5381 1 NONE
115 5382 0 WORD
115 5382 0 WORD
117 5382 1 NONE
100 5383 1 NONE
113 5384 1 NONE
101 5385 0 WORD
101 5385 1 WORD
97 5386 1 NONE
99 5387 1 NONE
116 5388 1 NONE
104 5389 1 NONE
103 5390 1 NONE
102 5391 1 NONE
112 5392 1 NONE
112 5393 1 NONE
115 5394 1 WORD
116 5395 1 NONE
110 5396 1 NONE
114 5397 1 NONE
108 5398 0 WORD
101 5398 0 WORD
115 5398 0 WORD
104 5398 1 NONE
101 5399 0 WORD
110 5399 1 NONE
101 5400 1 NONE
110 5401 0 WORD
110 5401 1 NONE
110 5402 1 NONE
101 5403 1 NONE
99 5404 1 NONE
110 5405 0 WORD
109 5405 1 NONE
101 5406 1 NONE
102 5407 1 NONE
114 5408 1 NONE
122 5409 1 NONE
108 5410 1 NONE
101 5411 0 WORD
101 5411 1 NONE
114 5412 1 NONE
114 5413 0 WORD
103 5413 1 NONE
105 5414 1 NONE
105 5415 1 NONE
98 5416 1 NONE
118 5417 1 NONE
117 5418 1 NONE
101 5419 1 NONE
97 5420 1 NONE
101 5421 1 NONE
101 5422 1 NONE
115 5423 0 WORD
111 5423 1 NONE
112 5424 1 NONE
101 5425 0 WORD
111 5425 1 NONE
115 5426 0 WORD
108 5426 1 WORD
101 5427 1 NONE
233 5428 0 WORD
108 5428 1 NONE
108 5429 0 WORD
115 5429 0 WORD
101 5429 0 WORD
100 5429 0 WORD
117 5429 1 NONE
99 5430 1 NONE
99 5431 1 NONE
110 5432 0 WORD
105 5432 1 NONE
110 5433 0 WORD
100 5433 1 NONE
110 5434 0 WORD
115 5434 1 NONE
101 5435 1 NONE
110 5436 0 WORD
101 5436 1 NONE
101 5437 0 WORD
102 5437 0 WORD
107 5437 0 WORD
99 5437 1 NONE
103 5438 1 NONE
115 5439 0 WORD
101 5439 0 WORD
101 5439 0 WORD
111 5439 1 NONE
114 5440 0 WORD
114 5440 0 WORD
114 5440 0 WORD
114 5440 1 NONE
108 5441 1 NONE
117 5442 1 NONE
102 5443 0 WORD
116 5443 1 NONE
115 5444 1 NONE
110 5445 0 WORD
114 5445 0 WORD
110 5445 0 WORD
104 5445 1 NONE
101 5446 0 WORD
104 5446 1 NONE
110 5447 0 WORD
114 5447 0 WORD
114 5447 0 WORD
101 5447 0 WORD
115 5447 0 WORD
233 5447 0 WORD
116 5447 1 WORD
99 5448 1 NONE
101 5449 1 NONE
116 5450 1 NONE
104 5451 1 NONE
115 5452 0 WORD
115 5452 0 WORD
109 5452 1 NONE
108 5453 1 NONE
110 5454 1 NONE
101 5455 0 WORD
109 5455 1 NONE
104 5456 1 NONE
115 5457 0 WORD
100 5457 1 NONE
105 5458 1 NONE
105 5459 1 NONE
110 5460 1 NONE
105 5461 1 NONE
101 5462 0 WORD
101 5462 0 WORD
99 5462 1 NONE
110 5463 0 WORD
110 5463 0 WORD
107 5463 1 NONE
110 5464 0 WORD
108 5464 0 WORD
110 5464 0 WORD
110 5464 0 WORD
101 5464 1 NONE
115 5465 0 WORD
116 5465 0 WORD
122 5465 0 WORD
110 5465 1 NONE
110 5466 1 NONE
115 5467 0 WORD
111 5467 1 NONE
114 5468 1 NONE
116 5469 1 NONE
105 5470 1 NONE
120 5471 1 NONE
99 5472 1 NONE
116 5473 0 WORD
101 5473 1 NONE
112 5474 1 NONE
122 5475 0 WORD
122 5475 1 NONE
97 5476 0 WORD
101 5476 1 WORD
115 5477 0 WORD
101 5477 1 NONE
101 5478 1 NONE
108 5479 0 WORD
115 5479 0 WORD
114 5479 0 WORD
101 5479 0 WORD
116 5479 1 NONE
115 5480 0 WORD
101 5480 1 NONE
114 5481 1 NONE
117 5482 1 NONE
111 5483 1 NONE
117 5484 1 NONE
103 5485 1 NONE
111 5486 1 NONE
119 5487 0 WORD
116 5487 0 WORD
110 5487 0 WORD
116 5487 1 NONE
109 5488 0 WORD
101 5488 1 NONE
111 5489 1 NONE
104 5490 1 NONE
111 5491 1 NONE
109 5492 1 NONE
109 5493 1 NONE
101 5494 0 WORD
105 5494 1 NONE
115 5495 0 WORD
101 5495 1 NONE
115 5496 1 NONE
114 5497 0 WORD
101 5497 1 NONE
110 5498 0 WORD
98 5498 1 NONE
101 5499 1 NONE
105 5500 1 NONE
108 5501 1 NONE
108 5502 0 WORD
105 5502 1 NONE
114 5503 1 NONE
101 5504 1 NONE
111 5505 1 WORD
110 5506 1 NONE
110 5507 1 NONE
114 5508 0 WORD
101 5508 0 WORD
110 5508 0 WORD
115 5508 0 WORD
101 5508 1 WORD
107 5509 1 NONE
100 5510 1 NONE
101 5511 0 WORD
111 5511 1 NONE
101 5512 0 WORD
116 5512 0 WORD
101 5512 1 NONE
115 5513 0 WORD
115 5513 0 WORD
111 5513 1 NONE
101 5514 1 NONE
99 5515 1 NONE
115 5516 0 WORD
111 5516 1 NONE
101 5517 1 WORD
114 5518 0 WORD
114 5518 0 WORD
104 5518 0 WORD
114 5518 0 WORD
114 5518 0 WORD
101 5518 1 NONE
97 5519 0 WORD
101 5519 1 NONE
114 5520 0 WORD
97 5520 1 NONE
101 5521 1 NONE
107 5522 1 NONE
114 5523 0 WORD
104 5523 0 WORD
114 5523 0 WORD
101 5523 1 NONE
101 5524 1 NONE
122 5525 0 WORD
122 5525 1 NONE
122 5526 1 NONE
110 5527 0 WORD
114 5527 0 WORD
101 5527 0 WORD
115 5527 0 WORD
116 5527 0 WORD
101 5527 0 WORD
110 5527 0 WORD
115 5527 0 WORD
101 5527 0 WORD
115 5527 0 WORD
101 5527 0 WORD
101 5527 1 WORD
114 5528 0 WORD
105 5528 1 NONE
101 5529 1 NONE
100 5530 1 NONE
97 5531 1 NONE
100 5532 1 NONE
100 5533 2 NONE
110 5535 1 NONE
108 5536 1 NONE
100 5537 1 NONE
101 5538 0 WORD
101 5538 1 WORD
115 5539 0 WORD
115 5539 0 WORD
104 5539 0 WORD
99 5539 1 NONE
110 5540 1 NONE
105 5541 1 NONE
115 5542 0 WORD
115 5542 0 WORD
115 5542 0 WORD
117 5542 1 NONE
110 5543 1 NONE
114 5544 1 NONE
101 5545 0 WORD
101 5545 0 WORD
108 5545 1 NONE
115 5546 0 WORD
115 5546 0 WORD
101 5546 1 WORD
116 5547 0 WORD
105 5547 1 NONE
116 5548 1 NONE
105 5549 1 NONE
117 5550 1 NONE
110 5551 0 WORD
102 5551 1 NONE
104 5552 1 NONE
122 5553 1 NONE
101 5554 1 NONE
101 5555 1 WORD
102 5556 1 NONE
102 5557 0 WORD
102 5557 1 NONE
101 5558 1 NONE
115 5559 1 NONE
103 5560 0 WORD
105 5560 1 NONE
105 5561 1 NONE
101 5562 0 WORD
115 5562 0 WORD
101 5562 1 NONE
101 5563 1 NONE
117 5564 1 NONE
104 5565 0 WORD
101 5565 1 NONE
110 5566 0 WORD
114 5566 1 NONE
110 5567 1 WORD
101 5568 1 NONE
117 5569 1 NONE
115 5570 1 NONE
97 5571 1 NONE
101 5572 1 WORD
116 5573 1 NONE
116 5574 1 NONE
105 5575 1 NONE
97 5576 1 NONE
116 5577 1 NONE
114 5578 1 NONE
110 5579 1 NONE
112 5580 1 NONE
112 5581 1 NONE
105 5582 1 NONE
111 5583 1 NONE
109 5584 1 NONE
115 5585 0 WORD
108 5585 1 WORD
101 5586 0 WORD
100 5586 0 WORD
104 5586 1 WORD
117 5587 0 WORD
103 5587 2 NONE
97 5589 0 WORD
116 5589 0 WORD
110 5589 0 WORD
108 5589 0 WORD
104 5589 0 WORD
115 5589 0 WORD
110 5589 0 WORD
111 5589 1 NONE
101 5590 1 NONE
114 5591 0 WORD
99 5591 1 NONE
99 5592 1 NONE
116 5593 1 WORD
101 5594 1 NONE
101 5595 1 NONE
104 5596 1 NONE
105 5597 1 NONE
101 5598 1 NONE
101 5599 1 NONE
101 5600 1 NONE
101 5601 0 WORD
101 5601 0 WORD
101 5601 1 NONE
109 5602 1 NONE
108 5603 1 NONE
99 5604 1 NONE
110 5605 1 NONE
97 5606 1 NONE
110 5607 1 WORD
104 5608 0 WORD
116 5608 0 WORD
110 5608 0 WORD
115 5608 0 WORD
116 5608 0 WORD
110 5608 0 WORD
111 5608 1 NONE
101 5609 1 NONE
110 5610 0 WORD
97 5610 1 NONE
104 5611 0 WORD
110 5611 0 WORD
101 5611 0 WORD
101 5611 1 NONE
115 5612 0 WORD
114 5612 0 WORD
114 5612 1 NONE
105 5613 1 NONE
114 5614 0 WORD
103 5614 1 NONE
114 5615 1 NONE
117 5616 1 NONE
114 5617 1 NONE
111 5618 1 NONE
110 5619 1 NONE
101 5620 0 WORD
114 5620 1 NONE
109 5621 1 NONE
111 5622 1 NONE
109 5623 1 NONE
109 5624 1 NONE
101 5625 1 NONE
116 5626 1 NONE
108 5627 1 WORD
115 5628 1 NONE
114 5629 0 WORD
101 5629 1 NONE
108 5630 1 NONE
110 5631 1 WORD
105 5632 1 NONE
110 5633 0 WORD
101 5633 1 NONE
114 5634 0 WORD
115 5634 0 WORD
100 5634 1 NONE
115 5635 2 NONE
110 5637 0 WORD
114 5637 1 NONE
105 5638 1 NONE
116 5639 1 NONE
114 5640 0 WORD
110 5640 0 WORD
110 5640 0 WORD
115 5640 0 WORD
110 5640 0 WORD
115 5640 0 WORD
114 5640 0 WORD
114 5640 0 WORD
104 5640 0 WORD
114 5640 0 WORD
101 5640 1 NONE
114 5641 0 WORD
114 5641 0 WORD
105 5641 1 NONE
101 5642 0 WORD
115 5642 0 WORD
116 5642 1 NONE
110 5643 0 WORD
101 5643 1 NONE
100 5644 1 NONE
105 5645 1 NONE
101 5646 1 NONE
105 5647 1 NONE
46 5648 0 WORD
97 5648 1 NONE
105 5649 1 NONE
115 5650 0 WORD
104 5650 1 NONE
115 5651 0 WORD
113 5651 1 NONE
101 5652 1 WORD
100 5653 1 NONE
101 5654 1 WORD
101 5655 1 WORD
115 5656 0 WORD
115 5656 1 NONE
101 5657 0 WORD
116 5657 1 NONE
101 5658 0 WORD
116 5658 0 WORD
101 5658 1 NONE
101 5659 0 WORD
105 5659 1 NONE
110 5660 0 WORD
101 5660 1 NONE
101 5661 0 WORD
114 5661 0 WORD
99 5661 1 NONE
101 5662 1 NONE
110 5663 1 NONE
117 5664 1 NONE
117 5665 1 NONE
102 5666 0 WORD
110 5666 1 NONE
101 5667 1 NONE
101 5668 0 WORD
110 5668 0 WORD
99 5668 1 NONE
116 5669 0 WORD
116 5669 1 NONE
110 5670 0 WORD
101 5670 1 NONE
101 5671 0 WORD
116 5671 1 NONE
103 5672 1 NONE
114 5673 1 NONE
109 5674 1 NONE
116 5675 1 NONE
105 5676 1 NONE
105 5677 1 NONE
108 5678 1 NONE
105 5679 1 NONE
97 5680 1 NONE
115 5681 0 WORD
101 5681 1 NONE
101 5682 2 NONE
117 5684 1 NONE
114 5685 0 WORD
114 5685 0 WORD
104 5685 0 WORD
104 5685 0 WORD
101 5685 1 NONE
114 5686 0 WORD
110 5686 1 NONE
119 5687 1 NONE
110 5688 1 WORD
115 5689 0 WORD
114 5689 0 WORD
108 5689 1 NONE
116 5690 1 NONE
97 5691 1 NONE
105 5692 1 NONE
104 5693 1 NONE
97 5694 1 NONE
108 5695 1 NONE
101 5696 0 WORD
110 5696 0 WORD
114 5696 0 WORD
110 5696 1 NONE
108 5697 0 WORD
100 5697 1 NONE
101 5698 1 NONE
111 5699 1 NONE
103 5700 1 NONE
114 5701 1 NONE
103 5702 1 NONE
110 5703 1 NONE
122 5704 1 NONE
116 5705 0 WORD
109 5705 1 NONE
109 5706 1 NONE
109 5707 1 NONE
101 5708 0 WORD
115 5708 0 WORD
233 5708 0 WORD
45 5708 1 NONE
101 5709 1 NONE
108 5710 1 NONE
97 5711 0 WORD
101 5711 0 WORD
110 5711 0 WORD
115 5711 1 NONE
101 5712 1 NONE
97 5713 1 NONE
99 5714 1 NONE
105 5715 1 NONE
103 5716 1 NONE
116 5717 1 NONE
114 5718 0 WORD
97 5718 1 NONE
97 5719 1 NONE
110 5720 0 WORD
101 5720 1 NONE
110 5721 0 WORD
110 5721 0 WORD
110 5721 0 WORD
100 5721 1 NONE
110 5722 0 WORD
101 5722 1 NONE
117 5723 1 NONE
115 5724 0 WORD
101 5724 0 WORD
115 5724 0 WORD
115 5724 0 WORD
109 5724 1 NONE
101 5725 0 WORD
105 5725 1 NONE
115 5726 1 NONE
108 5727 0 ANY
104 5727 1 NONE
115 5728 1 NONE
101 5729 0 WORD
102 5729 0 WORD
102 5729 0 WORD
116 5729 1 WORD
115 5730 1 NONE
107 5731 1 NONE
101 5732 1 NONE
115 5733 0 WORD
101 5733 0 WORD
105 5733 1 NONE
101 5734 0 WORD
101 5734 0 WORD
101 5734 0 WORD
112 5734 1 NONE
112 5735 1 NONE
115 5736 0 WORD
108 5736 1 NONE
110 5737 1 NONE
110 5738 0 WORD
110 5738 0 WORD
114 5738 0 WORD
110 5738 1 NONE
114 5739 0 WORD
115 5739 2 NONE
97 5741 1 NONE
101 5742 0 WORD
104 5742 1 NONE
104 5743 0 WORD
110 5743 0 WORD
101 5743 1 NONE
101 5744 1 NONE
108 5745 1 NONE
101 5746 0 WORD
116 5746 1 NONE
101 5747 0 WORD
114 5747 1 NONE
110 5748 1 NONE
111 5749 1 NONE
103 5750 1 NONE
111 5751 1 NONE
122 5752 1 NONE
101 5753 1 NONE
101 5754 0 WORD
109 5754 1 NONE
101 5755 1 NONE
108 5756 1 NONE
114 5757 0 WORD
115 5757 0 WORD
115 5757 1 NONE
114 5758 0 WORD
117 5758 0 WORD
104 5758 1 NONE
116 5759 1 NONE
117 5760 1 NONE
111 5761 0 WORD
108 5761 1 NONE
117 5762 1 NONE
110 5763 0 WORD
105 5763 1 NONE
114 5764 0 WORD
101 5764 0 WORD
101 5764 0 WORD
223 5764 1 NONE
115 5765 1 NONE
101 5766 2 NONE
116 5768 1 NONE
115 5769 0 WORD
115 5769 1 NONE
101 5770 1 NONE
114 5771 0 WORD
110 5771 1 NONE
101 5772 0 WORD
101 5772 0 WORD
115 5772 0 WORD
100 5772 1 NONE
103 5773 0 WORD
97 5773 1 NONE
99 5774 1 NONE
108 5775 1 NONE
111 5776 0 WORD
100 5776 0 WORD
114 5776 1 NONE
101 5777 1 NONE
101 5778 1 NONE
116 5779 0 WORD
122 5779 1 NONE
110 5780 1 NONE
111 5781 1 NONE
110 5782 1 NONE
101 5783 1 NONE
115 5784 1 NONE
101 5785 1 NONE
115 5786 0 WORD
105 5786 1 NONE
101 5787 1 NONE
119 5788 1 NONE
122 5789 1 NONE
110 5790 1 NONE
105 5791 1 NONE
120 5792 0 WORD
110 5792 0 WORD
101 5792 0 WORD
101 5792 1 NONE
110 5793 0 WORD
114 5793 0 WORD
101 5793 1 NONE
101 5794 1 NONE
114 5795 0 WORD
97 5795 1 NONE
111 5796 0 WORD
117 5796 0 WORD
104 5796 1 NONE
98 5797 1 NONE
105 5798 1 NONE
115 5799 0 WORD
45 5799 1 NONE
101 5800 1 NONE
122 5801 1 NONE
110 5802 1 NONE
122 5803 1 NONE
115 5804 1 NONE
115 5805 1 NONE
115 5806 0 WORD
101 5806 1 NONE
114 5807 0 WORD
101 5807 1 NONE
101 5808 0 WORD
103 5808 0 WORD
115 5808 2 NONE
114 5810 0 WORD
114 5810 0 WORD
114 5810 0 WORD
108 5810 1 NONE
119 5811 1 NONE
101 5812 1 WORD
110 5813 0 WORD
110 5813 1 NONE
115 5814 1 NONE
101 5815 1 NONE
122 5816 1 NONE
101 5817 1 NONE
115 5818 1 NONE
101 5819 0 WORD
100 5819 0 WORD
105 5819 1 NONE
109 5820 1 NONE
116 5821 1 WORD
101 5822 0 WORD
101 5822 1 NONE
110 5823 0 WORD
101 5823 1 NONE
115 5824 1 NONE
115 5825 1 NONE
101 5826 1 NONE
115 5827 1 NONE
101 5828 1 NONE
110 5829 0 WORD
117 5829 1 NONE
105 5830 1 NONE
105 5831 1 NONE
117 5832 1 NONE
101 5833 0 WORD
115 5833 1 NONE
115 5834 1 NONE
115 5835 1 NONE
115 5836 0 WORD
115 5836 0 WORD
115 5836 1 NONE
110 5837 0 WORD
102 5837 0 WORD
101 5837 0 WORD
115 5837 1 NONE
101 5838 1 NONE
99 5839 1 NONE
101 5840 1 NONE
115 5841 0 WORD
104 5841 0 WORD
115 5841 0 WORD
